1 1 0.310064529296875 0.99640712890625 0.314939916015625 0.998543943359375 0.352250759765625 1 0.352583693359375 1 0.310064529296875
1 0.6419963515625 0.3103579375 0.652775732421875 0.289773638671875 0.645713958984375 0.25302319921875 0.628430005859375 0.2662173984375 0.625642095703125 0.283569431640625 0.6305668203125 0.303528244140625 0.6419963515625 0.3103579375
1 0.92773723046875 0.25538888671875 0.912869404296875 0.259016451171875 0.91017444140625 0.274422134765625 0.898001341796875 0.28316323046875 0.897629083984375 0.331987060546875 0.90385481640625 0.345216205078125 0.920488146484375 0.345646447265625 0.932754666015625 0.29392056640625 0.93414885546875 0.264725333984375 0.92773723046875 0.25538888671875
1 0.51134607421875 0.276830146484375 0.501496154296875 0.27795095703125 0.492853822265625 0.3153268828125 0.52389025 0.321861306640625 0.5274217265625 0.288938484375 0.51134607421875 0.276830146484375
1 0.086035166015625 0.218371078125 0.073955248046875 0.204646609375 0.059272369140625 0.28645834375 0.080458875 0.294113576171875 0.088543765625 0.24789652734375 0.086035166015625 0.218371078125
1 0.29316162890625 0.250552677734375 0.282103646484375 0.256456806640625 0.270859060546875 0.327811283203125 0.301988435546875 0.33239935546875 0.307285888671875 0.262495904296875 0.29316162890625 0.250552677734375
1 0.1874149921875 0.20838381640625 0.17579933203125 0.225966037109375 0.18063063671875 0.2889096328125 0.205905826171875 0.293002384765625 0.21111033203125 0.22504528125 0.1874149921875 0.20838381640625
0 0.195225068359375 0.270492904296875 0.19687737109375 0.23589266015625 0.1989940234375 0.232597158203125 0.199654962890625 0.218756671875 0.197868826171875 0.21513095703125 0.198199341796875 0.20820973828125 0.194296552734375 0.2078795234375 0.193139837890625 0.2321018359375 0.191023185546875 0.2353973359375 0.1890403671875 0.276918796875 0.19334054296875 0.28944175 0.196680689453125 0.2810398359375 0.197011205078125 0.274118619140625 0.195225068359375 0.270492904296875
0 0.31230876171875 0.28039937109375 0.310192109375 0.283694873046875 0.30986159375 0.290616087890625 0.312540890625 0.296052716796875 0.31449228515625 0.29621782421875 0.317667171875 0.29127651953125 0.317832431640625 0.2878159140625 0.317199203125 0.28388517578125 0.316917166015625 0.2767440703125 0.318989052734375 0.263595546875 0.320806705078125 0.225532748046875 0.3181275 0.220094173828125 0.31617610546875 0.21992906640625 0.313001125 0.22487231640625 0.3125054453125 0.2352521953125 0.31429158203125 0.238877912109375 0.31230876171875 0.28039937109375
0 0.41245539453125 0.21417886328125 0.40855260546875 0.2138486484375 0.407329021484375 0.218957005859375 0.41073612890625 0.229667099609375 0.409909931640625 0.2469681953125 0.41275439453125 0.24894616015625 0.415134599609375 0.2196174375 0.41245539453125 0.21417886328125
0 0.41182990234375 0.288819869140625 0.4129865234375 0.26459950390625 0.409083734375 0.2642692890625 0.408753216796875 0.271190505859375 0.406636658203125 0.274484060546875 0.405479943359375 0.298706373046875 0.407100916015625 0.30579075 0.40994537890625 0.307768716796875 0.412062033203125 0.30447321484375 0.419867611328125 0.305133646484375 0.420925845703125 0.303487841796875 0.41182990234375 0.288819869140625
0 0.527127369140625 0.2951025703125 0.525010806640625 0.298396125 0.524912421875 0.320970685546875 0.527922140625 0.31948804296875 0.528252564453125 0.312568771484375 0.532816388671875 0.2990565546875 0.534138265625 0.27137558203125 0.53625491796875 0.26808008203125 0.536915859375 0.254239595703125 0.539032419921875 0.250946041015625 0.539528193359375 0.24056421484375 0.536848896484375 0.235127587890625 0.533674009765625 0.240068892578125 0.533013068359375 0.25390937890625 0.530896416015625 0.25720487890625 0.5299049609375 0.277966583984375 0.527788306640625 0.28126208203125 0.527127369140625 0.2951025703125
0 0.63713338671875 0.30962012890625 0.64103617578125 0.30995034375 0.644242578125 0.263320525390625 0.64156328125 0.257883896484375 0.637660490234375 0.2575536796875 0.634619345703125 0.300722890625 0.63713338671875 0.30962012890625
0 0.91786667578125 0.25694178515625 0.914691697265625 0.261885037109375 0.916477833984375 0.265510751953125 0.91581689453125 0.279351240234375 0.913700240234375 0.282646740234375 0.91161912890625 0.346740814453125 0.916580150390625 0.345425228515625 0.920215458984375 0.269299630859375 0.918429228515625 0.265675861328125 0.920711140625 0.258919751953125 0.91786667578125 0.25694178515625
0 0.071460990234375 0.27739220703125 0.073247126953125 0.281017921875 0.0727514453125 0.29139780078125 0.07559591015625 0.293375765625 0.08072219140625 0.2885995703125 0.08105270703125 0.281678353515625 0.077480341796875 0.2744288671875 0.078141373046875 0.26058643359375 0.08025793359375 0.257292880859375 0.08075370703125 0.246911056640625 0.082870267578125 0.243617501953125 0.0792979921875 0.236366068359375 0.08157990625 0.2296099609375 0.08028944921875 0.2156043671875 0.07638666015625 0.215274150390625 0.074403748046875 0.256797556640625 0.072287189453125 0.260091111328125 0.071460990234375 0.27739220703125