1 0.300692771484375 0 0.224570943359375 0.010634421875 0.225081814453125 0.023359609375 0.210240251953125 0.031339119140625 0.197905326171875 0.06062415625 0.185632921875 0.0652916953125 0.18271824609375 0.082432841796875 0.175812037109375 0.08241330859375 0.16964457421875 0.097055828125 0.126950296875 0.103020330078125 0.11879446875 0.075613556640625 0.1082348359375 0.07807311328125 0.1012735078125 0.069202125 0.090541119140625 0.078576271484375 0.085748314453125 0.07137103515625 0.0728951171875 0.12139983984375 0.071064705078125 0.139373865234375 0.08024967578125 0.158762060546875 0.082080087890625 0.140788037109375 0.117239646484375 0.137844853515625 0.124829486328125 0.14367498828125 0.11860690625 0.149466052734375 0.175113603515625 0.1435406171875 0.175231244140625 0.127774572265625 0.217925521484375 0.121810068359375 0.22169658203125 0.103564931640625 0.262450212890625 0.097871541015625 0.26901090625 0.11172025390625 0.28390758984375 0.11259219921875 0.286359107421875 0.125046271484375 0.300399404296875 0.127022208984375 0.3065520625 0.17931759765625 0.304666533203125 0.1884401640625 0.292394126953125 0.193107705078125 0.290964349609375 0.206104005859375 0.2786919453125 0.210771544921875 0.27749004296875 0.225704712890625 0.26693041015625 0.228164271484375 0.26795215234375 0.253614646484375 0.253739099609375 0.258553298828125 0.25424996875 0.271278486328125 0.2411211796875 0.277050015625 0.2437380546875 0.316058455078125 0.231065015625 0.325703716796875 0.24803809375 0.4867347265625 0.2383274453125 0.52155925 0.240260693359375 0.55475708984375 0.229866416015625 0.583771013671875 0.235783794921875 0.66759848828125 0.225279283203125 0.67890950390625 0.224132498046875 0.702694126953125 0.21305459375 0.725897451171875 0.223316427734375 0.779587478515625 0.256410294921875 0.826150408203125 0.2615412109375 0.852995419921875 0.2756917421875 0.872674265625 0.2813886484375 0.921095921875 0.26728583203125 0.943737486328125 0.25073149609375 0.953924974609375 0.199590990234375 0.955163333984375 0.184231154296875 0.983886609375 0.1827965703125 0.992058009765625 0.54487533984375 0.973283556640625 1 0.91020376171875 1 0.30686246875 0.990998169921875 0.2293825390625 0.978270013671875 0.230176345703125 0.948994923828125 0.2076886875 0.9340505234375 0.164496333984375 0.91818721875 0.14702546875 0.910777541015625 0.10081179296875 0.88514846875 0.10931399609375 0.88200591796875 0.124518275390625 0.870589900390625 0.128081826171875 0.871266125 0.167361376953125 0.85145900390625 0.17505023828125 0.76459294921875 0.157655140625 0.6996474296875 0.125385478515625 0.6243076328125 0.122129740234375 0.6127262578125 0.099138923828125 0.618673248046875 0.0490905859375 0.612897642578125 0 0.300692771484375 0
0 0.469307427734375 0 0.432862107421875 0.95112090625 0.434658619140625 0.97899849609375 0.460637400390625 0.97765144921875 0.4682569453125 0.91664563671875 0.46500085546875 0.671012876953125 0.48138653515625 0.391136892578125 0.481548587890625 0.174557126953125 0.49139908203125 0.02355969921875 0.4890964140625 0 0.469307427734375 0
0 0.653688060546875 0.95866060546875 0.6423279609375 0.45133839453125 0.626861986328125 0.18575567578125 0.620025701171875 0.127649689453125 0.61072308984375 0.124027537109375 0.604493107421875 0.1632875546875 0.62220823046875 0.58211475 0.62136255078125 0.792883916015625 0.63513795703125 0.96026775390625 0.653688060546875 0.95866060546875
0 0.716477359375 0.159455263671875 0.72457806640625 0.178010583984375 0.741213033203125 0.319401818359375 0.80117738671875 0.938055955078125 0.81367766796875 0.93532528125 0.816206513671875 0.85622394921875 0.76345687109375 0.391104939453125 0.7554960078125 0.256376712890625 0.737140869140625 0.150662412109375 0.725669732421875 0.145374505859375 0.716477359375 0.159455263671875
0 1 0.551448328125 0.9824927265625 0.4924080234375 0.982162015625 0.43929929296875 0.94670135546875 0.255257931640625 0.94614276953125 0.200212337890625 0.922296392578125 0.148420107421875 0.914934431640625 0.14452683984375 0.911336126953125 0.155857388671875 0.92443530859375 0.283961673828125 0.9432536015625 0.36008075390625 0.9883878984375 0.676642361328125 1 0.721997873046875 1 0.551448328125
0 0.242132216796875 0.09283521484375 0.25509565234375 0.0605093203125 0.2575619765625 0.006025486328125 0.243121048828125 0.0090272734375 0.23923234765625 0.043038453125 0.235571521484375 0.078986501953125 0.242132216796875 0.09283521484375
0 0.4432941953125 0.235025 0.44745848828125 0.24527109375 0.459958767578125 0.242540421875 0.45191317578125 0.2328365546875 0.4432941953125 0.235025
0 0.673823392578125 0.241209130859375 0.6893485859375 0.239040220703125 0.698313083984375 0.223022595703125 0.696089439453125 0.212505388671875 0.6325037734375 0.22532587890625 0.63364315625 0.235010208984375 0.673823392578125 0.241209130859375
0 0.590838640625 0.2232718046875 0.488785509765625 0.227685392578125 0.48718297265625 0.24759628125 0.543689671875 0.241670845703125 0.564235541015625 0.2486440390625 0.61121175390625 0.2371595859375 0.606819583984375 0.224976625 0.590838640625 0.2232718046875
0 0.767274849609375 0.93491742578125 0.777889599609375 0.9413093203125 0.796211828125 0.937765306640625 0.78862198828125 0.931935173828125 0.767274849609375 0.93491742578125
0 0.666361099609375 0.94901534375 0.735368078125 0.940359236328125 0.73445657421875 0.932611771484375 0.725381837890625 0.930926484375 0.6567754921875 0.934604869140625 0.654889962890625 0.943727439453125 0.666361099609375 0.94901534375
0 0.436059775390625 0.94476808203125 0.431895484375 0.934521986328125 0.40575554296875 0.930299001953125 0.298681732421875 0.925570486328125 0.278646732421875 0.931322482421875 0.280642498046875 0.939902822265625 0.318426333984375 0.942499125 0.329268962890625 0.950827884765625 0.436059775390625 0.94476808203125
0 0.62104254296875 0.94944036328125 0.633087072265625 0.94283595703125 0.626982130859375 0.932860978515625 0.593079591796875 0.92972244921875 0.463456740234375 0.942909353515625 0.47001743359375 0.95675806640625 0.62104254296875 0.94944036328125
0 0.413805232421875 0.663399783203125 0.4209944375 0.674207638671875 0.441940943359375 0.676203109375 0.4375487734375 0.664020150390625 0.413805232421875 0.663399783203125
0 0.46540148828125 0.666035154296875 0.472017302734375 0.688735322265625 0.5643120703125 0.676825849609375 0.549988779296875 0.664061591796875 0.484352228515625 0.659450283203125 0.46540148828125 0.666035154296875
0 0.35553884375 0.109475576171875 0.357990365234375 0.1219296484375 0.459587744140625 0.113642328125 0.46946374609375 0.105372171875 0.4420116640625 0.09837944140625 0.35553884375 0.109475576171875
0 0.58378928125 0.09629104296875 0.487785974609375 0.10182815625 0.48784109375 0.110679611328125 0.499084353515625 0.114030650390625 0.58195887109375 0.11426506640625 0.60564729296875 0.1060339765625 0.603879400390625 0.09939050390625 0.58378928125 0.09629104296875
0 0.3539141015625 0.229793326171875 0.351855814453125 0.245830482421875 0.3657233515625 0.2547210078125 0.379307896484375 0.252823212890625 0.38153894140625 0.22987146484375 0.3539141015625 0.229793326171875
0 0.596817939453125 0 0.605364298828125 0.095245658203125 0.613755404296875 0.091120345703125 0.61923923828125 0.070667228515625 0.61030923828125 0 0.596817939453125 0
0 0.3449360546875 0 0.34471842578125 0.000739953125 0.345166775390625 0.038082638671875 0.333625716796875 0.09088118359375 0.33669834375 0.13376335546875 0.3200115625 0.226654796875 0.32102590234375 0.285574125 0.307198677734375 0.352472962890625 0.3160858515625 0.42801074609375 0.312991015625 0.4855354375 0.302596740234375 0.514549361328125 0.303383203125 0.571531822265625 0.280764240234375 0.6475336953125 0.28212409375 0.692623845703125 0.266701736328125 0.74596462109375 0.26804678515625 0.857992677734375 0.277059001953125 0.884295462890625 0.2855052265625 0.889021607421875 0.29809763671875 0.72779762109375 0.312042498046875 0.645132740234375 0.312520458984375 0.548599611328125 0.337675671875 0.360027451171875 0.337580240234375 0.27538663671875 0.3540613515625 0.080151466796875 0.3657126484375 0.04505583203125 0.364530763671875 0 0.3449360546875 0