1 0.724081400390625 0.42099469921875 0.733239875 0.392465306640625 0.783579962890625 0.341552689453125 0.79061355859375 0.3113038203125 0.817474431640625 0.29350533984375 0.833187087890625 0.272076685546875 0.867664580078125 0.2622386796875 0.867470240234375 0.249502232421875 0.837018564453125 0.228454470703125 0.7949096484375 0.219537869140625 0.723979720703125 0.21784844921875 0.7091055625 0.205812125 0.687706826171875 0.208263333984375 0.659724306640625 0.182025537109375 0.625396751953125 0.1722175859375 0.6121088515625 0.156073802734375 0.555484859375 0.139005498046875 0.5297012265625 0.1684578515625 0.527246869140625 0.184442021484375 0.529340220703125 0.292160533203125 0.54538042578125 0.380615537109375 0.545439630859375 0.423792076171875 0.553939150390625 0.4306699765625 0.546875951171875 0.43933057421875 0.56686796875 0.44292913671875 0.586260232421875 0.52511153125 0.602735453125 0.54383452734375 0.636180107421875 0.5547250546875 0.6365095859375 0.537021408203125 0.621111607421875 0.529952283203125 0.67026891796875 0.519414154296875 0.653988041015625 0.51342760546875 0.670598396484375 0.501710509765625 0.65449705859375 0.497666271484375 0.66739627734375 0.488337162109375 0.65695141796875 0.481682099609375 0.659226236328125 0.4637556171875 0.708383546875 0.45321748828125 0.711361724609375 0.432266119140625 0.724081400390625 0.42099469921875
0 0.45047135546875 0.49170401171875 0.445273603515625 0.49927744140625 0.441382921875 0.4997231171875 0.440569865234375 0.501561251953125 0.443966708984375 0.506407142578125 0.449802728515625 0.50573862890625 0.451428845703125 0.502062361328125 0.45563874609375 0.505070119140625 0.461474765625 0.50440160546875 0.4631008828125 0.500725337890625 0.49617165625 0.49693710546875 0.4977977734375 0.493260837890625 0.5055791328125 0.492369490234375 0.50801830859375 0.486855087890625 0.507699263671875 0.48340359765625 0.502037861328125 0.47532711328125 0.500092521484375 0.475549953125 0.498466404296875 0.47922621875 0.49068504296875 0.480117568359375 0.48905892578125 0.4837938359375 0.459878833984375 0.48713639453125 0.458252716796875 0.4908126640625 0.45047135546875 0.49170401171875
0 0.46484791796875 0.41328509375 0.4601441796875 0.41556890234375 0.459475548828125 0.42960351953125 0.469665900390625 0.44413925 0.477766482421875 0.44670133203125 0.48215117578125 0.44096603515625 0.481831953125 0.437512603515625 0.46484791796875 0.41328509375
0 0.48952925390625 0.3825418125 0.48174789453125 0.38343316015625 0.47930871875 0.3889475625 0.47962794140625 0.392400994140625 0.485608388671875 0.40392896484375 0.489499068359375 0.403483291015625 0.495190658203125 0.390618294921875 0.48952925390625 0.3825418125
0 0.5904282421875 0.325619828125 0.58798906640625 0.331134228515625 0.6022145234375 0.35742076953125 0.6102847421875 0.38092238671875 0.617253041015625 0.381869173828125 0.619692396484375 0.376356712890625 0.6174278359375 0.373126119140625 0.616789390625 0.3662192578125 0.60903839453125 0.3461710703125 0.598848044921875 0.33163533984375 0.5904282421875 0.325619828125
0 0.504302421875 0.478557708984375 0.505464888671875 0.459231525390625 0.499803662109375 0.451156982421875 0.497858322265625 0.451379822265625 0.493792849609375 0.460568548828125 0.493124220703125 0.474603166015625 0.498147181640625 0.4757727890625 0.500411744140625 0.4790033828125 0.504302421875 0.478557708984375
0 0.426838244140625 0.469983146484375 0.428114953125 0.483794927734375 0.443358447265625 0.47855880078125 0.448556201171875 0.470985369140625 0.46687731640625 0.46714169921875 0.465425814453125 0.46207297265625 0.4615351328125 0.462518646484375 0.459270751953125 0.45928999609375 0.44759871484375 0.46062701953125 0.44597241796875 0.464301345703125 0.426838244140625 0.469983146484375
0 0.61354713671875 0.703334193359375 0.612734080078125 0.705172326171875 0.616130744140625 0.710016275390625 0.63834271875 0.705728873046875 0.634945875 0.700882984375 0.61354713671875 0.703334193359375
0 0.779381318359375 0.912903404296875 0.774039314453125 0.90828229296875 0.773545298828125 0.9135719140625 0.776129083984375 0.9202559375 0.78405487109375 0.93156107421875 0.7842296640625 0.92281801953125 0.7797005390625 0.916356833984375 0.779381318359375 0.912903404296875
0 0.319192767578125 0.709136212890625 0.31983103515625 0.7160411328125 0.342042830078125 0.7117517890625 0.340591505859375 0.70668500390625 0.319192767578125 0.709136212890625
0 0.281592869140625 0.7064632578125 0.269252201171875 0.721834900390625 0.26179006640625 0.7261796796875 0.25772459375 0.735368408203125 0.258856875 0.736983703125 0.266319189453125 0.7326408671875 0.271516763671875 0.725065494140625 0.275407443359375 0.7246198203125 0.2786596796875 0.717267283203125 0.284176654296875 0.713147283203125 0.284670490234375 0.70785571875 0.281592869140625 0.7064632578125
0 0.26983009765625 0.770622779296875 0.2717754375 0.770399943359375 0.2750278515625 0.76304934765625 0.28086387109375 0.7623808359375 0.274094630859375 0.756973181640625 0.280121197265625 0.74679625390625 0.283652453125 0.73937838671875 0.2869046875 0.732025849609375 0.286266423828125 0.725120931640625 0.287892541015625 0.721444662109375 0.284495697265625 0.716598771484375 0.279123330078125 0.73291719921875 0.279442552734375 0.73637062890625 0.274738814453125 0.7386544375 0.272299638671875 0.74416883984375 0.272618861328125 0.74762226953125 0.267740330078125 0.7586491328125 0.26983009765625 0.770622779296875
0 0.103428005859375 0.842028087890625 0.11396776171875 0.839075767578125 0.108625580078125 0.83445271484375 0.106999462890625 0.838128982421875 0.099218103515625 0.83902033203125 0.099856548828125 0.845927193359375 0.103428005859375 0.842028087890625
0 0.164781755859375 0.782655990234375 0.1613849140625 0.77781009765625 0.16106587109375 0.774358609375 0.1557236875 0.769735556640625 0.147942330078125 0.770626904296875 0.148580775390625 0.777533765625 0.152471453125 0.777088091796875 0.161529521484375 0.7900085234375 0.16573924609375 0.79301433984375 0.17822451953125 0.789841125 0.174827677734375 0.784995232421875 0.168991658203125 0.78566374609375 0.164781755859375 0.782655990234375
0 0.03932253125 0.786559220703125 0.04225554296875 0.775753251953125 0.0480915625 0.7750847421875 0.048585576171875 0.769795119140625 0.045188734375 0.764949228515625 0.03482376953125 0.759158494140625 0.034648978515625 0.767901548828125 0.037726599609375 0.7692940078125 0.0391781015625 0.774362736328125 0.03560646484375 0.7782598984375 0.03624491015625 0.785166759765625 0.03932253125 0.786559220703125
0 0.081011232421875 0.87600196484375 0.08295657421875 0.87577912890625 0.085395748046875 0.8702647265625 0.07941530078125 0.858736751953125 0.0696886015625 0.859850939453125 0.069194765625 0.86514250390625 0.081011232421875 0.87600196484375
0 0.112022421875 0.839298607421875 0.099218103515625 0.83902033203125 0.099537326171875 0.842473763671875 0.112022421875 0.839298607421875
0 0.1121668515625 0.85149508984375 0.112805296875 0.858401951171875 0.119454375 0.855895306640625 0.11800287109375 0.850826578125 0.1121668515625 0.85149508984375
0 0.120495921875 0.920333099609375 0.12000190625 0.925622720703125 0.11480433203125 0.933198095703125 0.1151235546875 0.936651525390625 0.118201173828125 0.938043986328125 0.123049341796875 0.94795666015625 0.124994681640625 0.94773382421875 0.13100531640625 0.93832031640625 0.130367048828125 0.9314153984375 0.12244126171875 0.920110263671875 0.120495921875 0.920333099609375
0 0.08915552734375 0.62382062890625 0.08201243359375 0.631616896484375 0.081199375 0.63345503125 0.08459621875 0.638300921875 0.08654155859375 0.638078083984375 0.090926072265625 0.632340845703125 0.090287806640625 0.62543592578125 0.08915552734375 0.62382062890625
0 0.6148103203125 0.9509479140625 0.62244725 0.937860080078125 0.61547894921875 0.936913294921875 0.61222671484375 0.944265830078125 0.60670973828125 0.94838583203125 0.6070289609375 0.951839259765625 0.6148103203125 0.9509479140625
0 0.5431956875 0.70790290234375 0.54789942578125 0.70561909375 0.547580203125 0.702165662109375 0.533180130859375 0.68462412109375 0.51828604296875 0.67237219921875 0.5174728046875 0.674208390625 0.5231342109375 0.682284875 0.52507955078125 0.6820620390625 0.5431956875 0.70790290234375
0 0.37727744921875 0.444254248046875 0.389762544921875 0.44107908984375 0.389124279296875 0.434174171875 0.38378209765625 0.429551119140625 0.37211005859375 0.430888142578125 0.3696708828125 0.436402544921875 0.37727744921875 0.444254248046875
0 0.36841750390625 0.51854928125 0.3724829765625 0.5093605546875 0.370887044921875 0.492095341796875 0.365225818359375 0.484020798828125 0.364412759765625 0.48585893359375 0.366327736328125 0.506575634765625 0.364701619140625 0.51025190234375 0.3664721640625 0.518772119140625 0.36841750390625 0.51854928125