1 0.31631934375 0.827671638671875 0.335199970703125 0.7899473359375 0.31659698046875 0.787617517578125 0.288536630859375 0.80317369140625 0.26575034765625 0.841024029296875 0.26609121484375 0.860547255859375 0.283150419921875 0.8863679609375 0.3560526875 0.921130439453125 0.441222248046875 0.93107927734375 0.528071943359375 0.925346513671875 0.6075583984375 0.8895733125 0.62376543359375 0.866585955078125 0.623220046875 0.835348794921875 0.606949779296875 0.798758806640625 0.5674841875 0.776591283203125 0.58385671484375 0.819038240234375 0.576522619140625 0.846622826171875 0.564084890625 0.861674859375 0.433518140625 0.88151561328125 0.32782684765625 0.87125230078125 0.316762470703125 0.85305183203125 0.31631934375 0.827671638671875
1 0.372415837890625 0.683261568359375 0.37713957421875 0.7299912734375 0.34842663671875 0.76412601953125 0.40714780859375 0.770044783203125 0.51554678125 0.767523474609375 0.566081689453125 0.75221876171875 0.584207466796875 0.7272160625 0.588634306640625 0.64502946484375 0.58246904296875 0.62764761328125 0.55989222265625 0.6215391875 0.542623556640625 0.63967724609375 0.5211083671875 0.6384181171875 0.480542115234375 0.665121677734375 0.47170326171875 0.662476771484375 0.452623056640625 0.632814439453125 0.392528529296875 0.660148173828125 0.372415837890625 0.683261568359375
1 0.310622423828125 0.165645244140625 0.31497120703125 0.19089940234375 0.326892693359375 0.202235232421875 0.327608513671875 0.2432340078125 0.317391365234375 0.3295143046875 0.312628599609375 0.3365049765625 0.297931263671875 0.334049123046875 0.29906106640625 0.34280306640625 0.31762997265625 0.3431805625 0.310831380859375 0.513347708984375 0.3136022890625 0.56014043359375 0.3195289453125 0.56385602734375 0.313874982421875 0.575759013671875 0.321788552734375 0.58136391015625 0.312228935546875 0.593392935546875 0.31082149609375 0.624693111328125 0.32404321875 0.654544498046875 0.34853878125 0.6586375859375 0.372897994140625 0.6549213828125 0.444884861328125 0.581298453125 0.463945806640625 0.441990359375 0.44285942578125 0.241468294921875 0.4071290546875 0.20941312890625 0.3711259921875 0.161739380859375 0.374724865234375 0.144042443359375 0.345607828125 0.0990766171875 0.333136013671875 0.112176328125 0.33193309375 0.155190439453125 0.325149328125 0.158339484375 0.319120412109375 0.14876692578125 0.310622423828125 0.165645244140625
0 0.4320018671875 0.725509525390625 0.404763998046875 0.72024301953125 0.378252107421875 0.717947685546875 0.396290130859375 0.73402633984375 0.434332517578125 0.739700158203125 0.46049171484375 0.741043837890625 0.484903037109375 0.74467668359375 0.52295876953125 0.7370140546875 0.54955636328125 0.732131703125 0.54093618359375 0.72802248828125 0.5225361171875 0.7283623125 0.494545037109375 0.730091876953125 0.469035556640625 0.73171596875 0.4320018671875 0.725509525390625
0 0.497190986328125 0.71063830859375 0.551214654296875 0.702776853515625 0.503517583984375 0.702120384765625 0.44013508203125 0.699041904296875 0.4202809375 0.703390189453125 0.458626548828125 0.711882779296875 0.497190986328125 0.71063830859375
0 0.37712342578125 0.602382515625 0.3965584296875 0.611182568359375 0.394842630859375 0.599865111328125 0.37712342578125 0.602382515625
0 0.370287279296875 0.575784580078125 0.411330916015625 0.5868311328125 0.399775134765625 0.571484845703125 0.370287279296875 0.575784580078125
0 0.39648746875 0.5371735859375 0.421307751953125 0.536587515625 0.41651494140625 0.530442390625 0.3983521484375 0.52937590625 0.38001206640625 0.515469435546875 0.375218154296875 0.522130986328125 0.39648746875 0.5371735859375
0 0.419750501953125 0.509506681640625 0.4071720078125 0.50284315234375 0.388179337890625 0.495540775390625 0.384458984375 0.498110421875 0.39944753125 0.507509109375 0.419750501953125 0.509506681640625
0 0.43132246484375 0.4838129921875 0.4162672734375 0.473730806640625 0.3964626328125 0.461889484375 0.38672765625 0.469470361328125 0.405080892578125 0.478758515625 0.43132246484375 0.4838129921875
0 0.417068947265625 0.438734767578125 0.433727640625 0.439601705078125 0.414181021484375 0.431906982421875 0.40194505078125 0.42494133984375 0.388203623046875 0.429225205078125 0.398866998046875 0.431844439453125 0.417068947265625 0.438734767578125
0 0.436564443359375 0.4156354296875 0.4098198984375 0.399790849609375 0.38703999609375 0.39894954296875 0.39789476953125 0.40671182421875 0.41695311328125 0.4117324375 0.436564443359375 0.4156354296875
0 0.42475298828125 0.248889568359375 0.423908693359375 0.24339448828125 0.414433630859375 0.240346220703125 0.396050416015625 0.239189177734375 0.396931669921875 0.245569919921875 0.42475298828125 0.248889568359375
0 0.423904931640625 0.27496191796875 0.425727892578125 0.2677965390625 0.409430279296875 0.2660115625 0.386207865234375 0.264893474609375 0.391123349609375 0.27347641796875 0.423904931640625 0.27496191796875
0 0.403172900390625 0.294833080078125 0.409055353515625 0.29747180859375 0.413609419921875 0.290726189453125 0.400852322265625 0.288381580078125 0.403172900390625 0.294833080078125
0 0.388105736328125 0.32815828125 0.405121662109375 0.33169183203125 0.4197307265625 0.334351736328125 0.42120529296875 0.33420257421875 0.417371150390625 0.328016748046875 0.4052576796875 0.323143171875 0.386062443359375 0.319570556640625 0.388105736328125 0.32815828125
0 0.426077775390625 0.362145322265625 0.42495919921875 0.354258337890625 0.408233228515625 0.349426169921875 0.391775943359375 0.349799017578125 0.40772305859375 0.357584498046875 0.426077775390625 0.362145322265625
0 0.413435181640625 0.384040947265625 0.41449673046875 0.3836257734375 0.413221802734375 0.375624673828125 0.399601265625 0.375417623046875 0.397579205078125 0.3815873203125 0.413435181640625 0.384040947265625