1 1 0.437382708984375 0.947020646484375 0.132663177734375 0.921081013671875 0.1237118828125 0.834705541015625 0.12023746484375 0.7699081484375 0.095383203125 0.67343228125 0.078814640625 0.566922626953125 0.082768634765625 0.549742869140625 0.095910880859375 0.384067814453125 0.118102748046875 0.2599648671875 0.155007140625 0.174412994140625 0.167293513671875 0.1612180234375 0.1920063125 0.1353116953125 0.1998633671875 0.12039944140625 0.214814970703125 0.0948365703125 0.224624265625 0.055325205078125 0.221625173828125 0.014163166015625 0.24248159375 0.009159515625 0.247306900390625 0.019813458984375 0.53496340625 0.043306314453125 0.6684990078125 0.104979291015625 0.658974767578125 0.185375849609375 0.672781904296875 0.2632315234375 0.6610670546875 0.3102323203125 0.6733986953125 0.472059271484375 0.65149258984375 0.481712826171875 0.66758653515625 0.478068025390625 0.71334531640625 0.486794595703125 0.7186305078125 0.503047369140625 0.694679505859375 0.55678407421875 0.678822515625 0.571559638671875 0.65201459765625 0.73634101171875 0.635822328125 0.7989409765625 0.637106841796875 0.825190759765625 0.63120202734375 0.839759556640625 0.61429818359375 0.889097939453125 0.60667879296875 1 0.604714103515625 1 0.437382708984375
0 0.17470233203125 0.484699962890625 0.018275447265625 0.493437083984375 0.0196998671875 0.531896396484375 0.034209921875 0.5336990390625 0.165388765625 0.525935349609375 0.17318834765625 0.52041178515625 0.17470233203125 0.484699962890625
0 0.458327953125 0.462648849609375 0.184769421875 0.4809857578125 0.194592970703125 0.525744369140625 0.40012284375 0.508503830078125 0.49769916015625 0.50916871875 0.503508083984375 0.470171333984375 0.501000505859375 0.46145769921875 0.458327953125 0.462648849609375
0 1 0.436997970703125 0.996031533203125 0.4167853671875 0.5148123125 0.462409771484375 0.520891142578125 0.502502107421875 0.528483958984375 0.506882619140625 1 0.465023892578125 1 0.436997970703125
0 0.537560921875 0.403365861328125 0.58896004296875 0.407459904296875 0.861488205078125 0.383266279296875 0.8962577890625 0.39255073046875 0.90642826171875 0.38388448828125 0.989849318359375 0.3816450703125 0.980335921875 0.32203034375 0.870905154296875 0.33707885546875 0.830293341796875 0.3499834375 0.43847408984375 0.383035703125 0.016345263671875 0.441322109375 0.0175321015625 0.473366740234375 0.12292644921875 0.461845330078125 0.12972896875 0.467273404296875 0.157215888671875 0.457321228515625 0.19480320703125 0.46046319921875 0.213013333984375 0.453177669921875 0.221739904296875 0.458462861328125 0.247302775390625 0.448653568359375 0.32179049609375 0.45103303515625 0.353332283203125 0.43089101953125 0.537560921875 0.403365861328125
0 0.50642919921875 0.459076818359375 0.50446490625 0.55316553515625 0.509133138671875 0.62401765625 0.521260966796875 0.632016884765625 0.530160998046875 0.6105896484375 0.527690193359375 0.5633072734375 0.51470892578125 0.467361806640625 0.50642919921875 0.459076818359375
0 0.474219927734375 0.713631078125 0.481262517578125 0.725963427734375 0.492910201171875 0.7201541015625 0.499095884765625 0.699917306640625 0.506248798828125 0.596543431640625 0.49429443359375 0.561831775390625 0.48704507421875 0.55940350390625 0.483437046875 0.56659354296875 0.4874884453125 0.611780798828125 0.474219927734375 0.713631078125
0 0.240146392578125 0.60740453515625 0.299105025390625 0.59907073828125 0.482369904296875 0.59930556640625 0.4849475625 0.5862588125 0.4784551953125 0.565974626953125 0.307558216796875 0.58064330078125 0.25959366015625 0.5960716484375 0.233894099609375 0.594024626953125 0.229942615234375 0.599262427734375 0.240146392578125 0.60740453515625
0 1 0.52969928125 0.53043784375 0.578925181640625 0.535142849609375 0.611208564453125 0.577471947265625 0.60806517578125 0.59623230078125 0.59282780859375 0.613548748046875 0.591541876953125 0.630658427734375 0.600160021484375 0.9011258515625 0.56425296484375 1 0.560947013671875 1 0.52969928125
0 0.171541146484375 0.488890203125 0.172501435546875 0.51650730859375 0.183421962890625 0.60073933984375 0.18933080078125 0.61216701171875 0.20530673046875 0.6198804765625 0.209121525390625 0.602786361328125 0.178997271484375 0.481414400390625 0.171541146484375 0.488890203125
0 0.032419091796875 0.601075328125 0.034479830078125 0.61278876171875 0.172564576171875 0.60550110546875 0.160643515625 0.587597802734375 0.1346005 0.583598544921875 0.032419091796875 0.601075328125