1 0.435546875 0.6806640625 0.4560546875 0.658203125 0.5126953125 0.646484375 0.5322265625 0.62109375 0.7001953125 0.6171875 0.7626953125 0.623046875 0.7900390625 0.619140625 0.8076171875 0.603515625 0.8583984375 0.599609375 0.9990234375 0.607421875 1 0.1357421875 0.9755859375 0.125 0.8896484375 0.115234375 0.8291015625 0.0859375 0.7353515625 0.0625 0.6279296875 0.05859375 0.6083984375 0.0703125 0.4384765625 0.080078125 0.3076171875 0.107421875 0.2197265625 0.11328125 0.2021484375 0.13671875 0.1748046875 0.142578125 0.1572265625 0.15625 0.1298828125 0.1640625 0.0908203125 0.158203125 0.0458984375 0.17578125 0.0068359375 0.205078125 0 0.2119140625 0 0.5986328125 0.0634765625 0.59375 0.1416015625 0.61328125 0.2216796875 0.607421875 0.2666015625 0.623046875 0.4326171875 0.61328125 0.439453125 0.6298828125 0.427734375 0.6748046875
0 0.0146484375 0.46484375 0.1474609375 0.466796875 0.15625 0.4619140625 0.1640625 0.4267578125 0.0009765625 0.423828125 0 0.4619140625
0 0.1767578125 0.46875 0.3857421875 0.466796875 0.4833984375 0.474609375 0.49609375 0.4365234375 0.4951171875 0.427734375 0.4521484375 0.42578125 0.1748046875 0.423828125
0 1 0.4677734375 0.9990234375 0.419921875 0.5087890625 0.4296875 0.5078125 0.4697265625 0.5146484375 0.474609375
0 0.2431640625 0.396484375 0.3173828125 0.404296875 0.3525390625 0.38671875 0.5419921875 0.373046875 0.5927734375 0.380859375 0.8701171875 0.376953125 0.9033203125 0.388671875 0.9150390625 0.380859375 0.9990234375 0.384765625 1 0.3251953125 0.8876953125 0.33203125 0.8447265625 0.341796875 0.4462890625 0.345703125 0.0009765625 0.373046875 0.0009765625 0.404296875 0.1162109375 0.400390625 0.1220703125 0.40625 0.1513671875 0.3984375 0.1884765625 0.404296875 0.2080078125 0.3984375 0.2158203125 0.404296875
0 0.474609375 0.5888671875 0.4853515625 0.59765625 0.498046875 0.5771484375 0.50390625 0.5302734375 0.5078125 0.4345703125 0.5009765625 0.42578125 0.482421875 0.5185546875
0 0.4638671875 0.5234375 0.458984375 0.5302734375 0.455078125 0.5751953125 0.423828125 0.6748046875 0.4287109375 0.6875 0.44140625 0.6826171875 0.451171875 0.6630859375 0.4765625 0.5615234375 0.470703125 0.5263671875
0 0.2294921875 0.54296875 0.2041015625 0.5390625 0.19921875 0.5439453125 0.2080078125 0.552734375 0.2685546875 0.548828125 0.4521484375 0.5625 0.45703125 0.5498046875 0.4541015625 0.529296875 0.2802734375 0.53125
0 0.9990234375 0.53125 0.50390625 0.5458984375 0.5029296875 0.578125 0.5458984375 0.578125 0.5673828125 0.564453125 0.5849609375 0.564453125 0.6005859375 0.57421875 0.8779296875 0.55859375 1 0.5634765625
0 0.15234375 0.5419921875 0.15625 0.5537109375 0.1708984375 0.5625 0.177734375 0.5458984375 0.1689453125 0.423828125 0.16015625 0.4306640625 0.15625 0.4580078125
0 0.1318359375 0.52734375 0.1064453125 0.521484375 0.0009765625 0.53125 0.0009765625 0.54296875 0.140625 0.5458984375