1 0.79296875 0.2041015625 0.8046875 0.2001953125 0.814453125 0.1630859375 0.8125 0.1142578125 0.8017578125 0.107421875 0.7822265625 0.123046875 0.7685546875 0.119140625 0.7587890625 0.1328125 0.748046875 0.1337890625 0.767578125 0.1904296875
1 1 0.9990234375 1 0.9638671875 0.9853515625 0.9375 0.9638671875 0.939453125 0.9443359375 0.95703125 0.9375 0.9521484375 0.9296875 0.9208984375 0.93359375 0.9013671875 0.9013671875 0.84375 0.8818359375 0.861328125 0.8642578125 0.8359375 0.845703125 0.8583984375 0.84375 0.8720703125 0.85546875 0.8876953125 0.85546875 0.9189453125 0.8388671875 0.927734375 0.8193359375 0.953125 0.8017578125 0.953125 0.7958984375 0.9375 0.7841796875 0.9375 0.7646484375 0.9609375 0.7373046875 0.943359375 0.6865234375 0.95703125 0.6572265625 0.953125 0.6337890625 0.904296875 0.625 0.9072265625 0.6044921875 0.951171875 0.5810546875 0.953125 0.5625 0.9384765625 0.5625 0.8935546875 0.5546875 0.8837890625 0.5498046875 0.87890625 0.5341796875 0.890625 0.5302734375 0.859375 0.4912109375 0.865234375 0.4697265625 0.845703125 0.4677734375 0.8515625 0.458984375 0.8251953125 0.439453125 0.8173828125 0.43359375 0.7861328125 0.4228515625 0.7734375 0.416015625 0.7783203125 0.408203125 0.8896484375 0.419921875 0.9111328125 0.419921875 0.9306640625 0.4072265625 0.9375 0.3916015625 0.921875 0.384765625 0.9404296875 0.392578125 0.9716796875 0.4033203125 0.98046875 0.4267578125 0.9765625 0.421875 0.9873046875 0.4326171875 1 0.46875 0.9990234375 0.470703125 0.9853515625 0.462890625 0.9814453125 0.4716796875 0.97265625 0.484375 0.9755859375 0.4892578125 0.939453125 0.4990234375 0.9765625 0.515625 0.9521484375 0.515625 0.9248046875 0.50390625 0.9111328125 0.5322265625 0.90625 0.5341796875 0.8984375 0.54296875 0.9267578125 0.5390625 0.9599609375 0.5537109375 1
1 0.6875 0.2314453125 0.697265625 0.2041015625 0.67578125 0.1435546875 0.669921875 0.0693359375 0.6474609375 0.06640625 0.6357421875 0.046875 0.6162109375 0.041015625 0.59375 0.0615234375 0.580078125 0.1103515625 0.583984375 0.1318359375 0.609375 0.1904296875 0.626953125 0.2001953125 0.6279296875 0.232421875 0.6689453125 0.2265625
1 0.310546875 0.8056640625 0.322265625 0.7861328125 0.322265625 0.7412109375 0.333984375 0.7216796875 0.328125 0.6572265625 0.3134765625 0.640625 0.28125 0.6884765625 0.28515625 0.7861328125 0.2978515625 0.806640625
1 0.38671875 0.3603515625 0.400390625 0.3486328125 0.408203125 0.3076171875 0.3876953125 0.240234375 0.3681640625 0.279296875 0.3466796875 0.265625 0.33984375 0.2841796875 0.359375 0.3408203125 0.3759765625 0.359375
0 0.646484375 0.869791015625 0.65234375 0.890625 0.6552734375 0.895833984375 0.6708984375 0.90972265625 0.6826171875 0.90972265625 0.693359375 0.8975703125 0.693359375 0.89409765625 0.701171875 0.880208984375 0.703125 0.869791015625 0.7109375 0.85590234375 0.7109375 0.82465234375 0.708984375 0.8211796875 0.7109375 0.817708984375 0.7109375 0.786458984375 0.712890625 0.782986328125 0.7109375 0.776041015625 0.7109375 0.751736328125 0.712890625 0.748263671875 0.712890625 0.7413203125 0.716796875 0.734375 0.716796875 0.7100703125 0.7138671875 0.704861328125 0.7099609375 0.704861328125 0.701171875 0.720486328125 0.701171875 0.734375 0.69921875 0.73784765625 0.69921875 0.76909765625 0.697265625 0.7725703125 0.697265625 0.807291015625 0.6953125 0.810763671875 0.6953125 0.8350703125 0.693359375 0.838541015625 0.693359375 0.859375 0.689453125 0.873263671875 0.6845703125 0.8819453125 0.6826171875 0.8819453125 0.6787109375 0.888888671875 0.6708984375 0.888888671875 0.662109375 0.880208984375 0.65625 0.859375 0.65625 0.838541015625 0.658203125 0.8350703125 0.65625 0.828125 0.65625 0.79340234375 0.658203125 0.7899296875 0.658203125 0.76215234375 0.66015625 0.7586796875 0.66015625 0.734375 0.658203125 0.73090234375 0.658203125 0.720486328125 0.6640625 0.713541015625 0.666015625 0.70659765625 0.666015625 0.6961796875 0.6591796875 0.6805546875 0.6533203125 0.6805546875 0.6494140625 0.673611328125 0.6484375 0.682291015625 0.646484375 0.685763671875 0.646484375 0.751736328125 0.64453125 0.755208984375 0.646484375 0.7586796875 0.646484375 0.76909765625 0.64453125 0.7725703125 0.64453125 0.859375 0.646484375 0.86284765625
0 0.591796875 0.848958984375 0.59375 0.86284765625 0.5966796875 0.864583984375 0.59765625 0.848958984375 0.599609375 0.845486328125 0.599609375 0.744791015625 0.595703125 0.73784765625 0.595703125 0.69965234375 0.59765625 0.6961796875 0.59765625 0.685763671875 0.6015625 0.6788203125 0.5986328125 0.673611328125 0.595703125 0.67534765625 0.59375 0.682291015625 0.59375 0.692708984375 0.587890625 0.70659765625 0.58984375 0.7413203125 0.587890625 0.744791015625 0.587890625 0.765625 0.5859375 0.76909765625 0.5859375 0.814236328125 0.587890625 0.817708984375 0.587890625 0.838541015625
0 0.255859375 0.814236328125 0.255859375 0.76215234375 0.25390625 0.7586796875 0.25390625 0.748263671875 0.251953125 0.744791015625 0.2509765625 0.732638671875 0.2470703125 0.732638671875 0.2431640625 0.739583984375 0.2412109375 0.739583984375 0.23828125 0.744791015625 0.240234375 0.748263671875 0.23828125 0.838541015625 0.2412109375 0.84375 0.2431640625 0.84375 0.24609375 0.8350703125 0.24609375 0.828125
0 0.212890625 0.779513671875 0.21484375 0.776041015625 0.21484375 0.76909765625 0.212890625 0.765625 0.2119140625 0.75 0.2099609375 0.75 0.205078125 0.7586796875 0.203125 0.7725703125 0.197265625 0.782986328125 0.197265625 0.8038203125 0.2080078125 0.833333984375 0.2109375 0.82465234375 0.2109375 0.807291015625 0.212890625 0.8038203125
0 0.05078125 0.776041015625 0.05078125 0.755208984375 0.048828125 0.751736328125 0.048828125 0.717013671875 0.052734375 0.70659765625 0.046875 0.692708984375 0.0458984375 0.6805546875 0.0419921875 0.6805546875 0.037109375 0.692708984375 0.037109375 0.76215234375 0.03515625 0.765625 0.03515625 0.7899296875 0.0380859375 0.798611328125 0.0439453125 0.798611328125 0.048828125 0.79340234375 0.048828125 0.779513671875
0 0.7763671875 0.885416015625 0.77734375 0.880208984375 0.7822265625 0.87847265625 0.787109375 0.8663203125 0.787109375 0.8524296875 0.78515625 0.848958984375 0.78515625 0.842013671875 0.787109375 0.838541015625 0.787109375 0.828125 0.78515625 0.82465234375 0.78515625 0.76215234375 0.787109375 0.7586796875 0.787109375 0.748263671875 0.7822265625 0.736111328125 0.775390625 0.7413203125 0.7734375 0.748263671875 0.7734375 0.7899296875 0.775390625 0.79340234375 0.775390625 0.8038203125 0.7734375 0.807291015625 0.7734375 0.848958984375 0.775390625 0.8524296875
0 0.07421875 0.94965234375 0.07421875 0.9600703125 0.078125 0.973958984375 0.0888671875 0.986111328125 0.0947265625 0.986111328125 0.0966796875 0.989583984375 0.1025390625 0.989583984375 0.1064453125 0.986111328125 0.109375 0.98090234375 0.109375 0.9774296875 0.107421875 0.973958984375 0.107421875 0.963541015625 0.10546875 0.9600703125 0.10546875 0.953125 0.1015625 0.939236328125 0.1015625 0.9288203125 0.09765625 0.9149296875 0.0869140625 0.8993046875 0.0830078125 0.8993046875 0.08203125 0.907986328125 0.080078125 0.911458984375 0.08203125 0.91840234375 0.08203125 0.9288203125 0.0859375 0.935763671875 0.0859375 0.942708984375 0.0830078125 0.9444453125 0.0810546875 0.94097265625 0.0771484375 0.94097265625
0 0.4794921875 0.875 0.4775390625 0.875 0.4736328125 0.864583984375 0.4677734375 0.864583984375 0.46484375 0.873263671875 0.46484375 0.8836796875 0.462890625 0.890625 0.4658203125 0.895833984375 0.4736328125 0.8993046875 0.4755859375 0.90277734375 0.482421875 0.901041015625 0.482421875 0.880208984375