1 0.9921875 0.3056640625 1 0.3017578125 0.9990234375 0.248046875 0.9853515625 0.25 0.974609375 0.2666015625 0.978515625 0.3037109375
1 0.62109375 0.2919921875 0.630859375 0.2705078125 0.6220703125 0.234375 0.60546875 0.2490234375 0.603515625 0.2666015625 0.609375 0.2861328125
1 0.900390625 0.3037109375 0.91015625 0.2509765625 0.91015625 0.2216796875 0.9033203125 0.212890625 0.888671875 0.2177734375 0.88671875 0.2333984375 0.875 0.2431640625 0.876953125 0.2919921875 0.8837890625 0.3046875
1 0.50390625 0.3134765625 0.505859375 0.2802734375 0.4892578125 0.26953125 0.4794921875 0.271484375 0.47265625 0.3095703125
1 0.060546875 0.3232421875 0.06640625 0.2763671875 0.0625 0.2470703125 0.0498046875 0.234375 0.0390625 0.3173828125
1 0.283203125 0.3427734375 0.28515625 0.2724609375 0.2705078125 0.26171875 0.259765625 0.2685546875 0.251953125 0.3408203125
1 0.185546875 0.3115234375 0.1875 0.2431640625 0.1630859375 0.228515625 0.15234375 0.2470703125 0.16015625 0.3095703125
0 0.173828125 0.255208984375 0.17578125 0.251736328125 0.17578125 0.23784765625 0.173828125 0.234375 0.173828125 0.2274296875 0.169921875 0.2274296875 0.169921875 0.251736328125 0.16796875 0.255208984375 0.16796875 0.296875 0.1728515625 0.30902734375 0.17578125 0.30034765625 0.17578125 0.29340234375 0.173828125 0.2899296875
0 0.2939453125 0.3055546875 0.296875 0.30034765625 0.296875 0.296875 0.296056640625 0.293 0.295435546875 0.28588671875 0.296875 0.2725703125 0.296875 0.234375 0.2939453125 0.229166015625 0.2919921875 0.229166015625 0.2890625 0.234375 0.2890625 0.244791015625 0.291015625 0.248263671875 0.291015625 0.2899296875 0.2890625 0.29340234375 0.2890625 0.30034765625 0.2919921875 0.3055546875
0 0.3828125 0.220486328125 0.38671875 0.23090234375 0.38671875 0.248263671875 0.3896484375 0.25 0.390625 0.220486328125 0.3876953125 0.21527734375 0.3837890625 0.21527734375
0 0.400390625 0.3038203125 0.390625 0.2899296875 0.390625 0.265625 0.38671875 0.265625 0.38671875 0.2725703125 0.384765625 0.276041015625 0.384765625 0.30034765625 0.38671875 0.307291015625 0.3896484375 0.30902734375 0.3916015625 0.3055546875 0.3994140625 0.3055546875
0 0.51171875 0.2899296875 0.51171875 0.26215234375 0.513671875 0.2586796875 0.513671875 0.244791015625 0.515625 0.2413203125 0.515625 0.23090234375 0.5126953125 0.2256953125 0.509765625 0.23090234375 0.509765625 0.244791015625 0.5078125 0.248263671875 0.5078125 0.26909765625 0.505859375 0.2725703125 0.505859375 0.286458984375 0.50390625 0.2899296875 0.5048828125 0.3125 0.5078125 0.310763671875 0.5078125 0.3038203125
0 0.6162109375 0.291666015625 0.6201171875 0.291666015625 0.62109375 0.244791015625 0.6181640625 0.239583984375 0.6142578125 0.239583984375 0.61328125 0.282986328125
0 0.89453125 0.223958984375 0.896484375 0.217013671875 0.8935546875 0.21527734375 0.890625 0.220486328125 0.892578125 0.223958984375 0.892578125 0.23784765625 0.890625 0.2413203125 0.8916015625 0.3055546875 0.896484375 0.3038203125 0.896484375 0.2274296875
0 0.99609375 0.248263671875 0.99609375 0.3038203125 0.9990234375 0.30902734375 1 0.23090234375 0.998046875 0.23090234375 0.998046875 0.244791015625
0 0.060546875 0.310763671875 0.056640625 0.3038203125 0.056640625 0.2899296875 0.05859375 0.286458984375 0.05859375 0.276041015625 0.060546875 0.2725703125 0.056640625 0.265625 0.05859375 0.2586796875 0.056640625 0.244791015625 0.052734375 0.244791015625 0.052734375 0.286458984375 0.05078125 0.2899296875 0.05078125 0.307291015625 0.052734375 0.310763671875 0.052734375 0.3211796875 0.0556640625 0.322916015625 0.060546875 0.317708984375