1 0.7227708125 0.54237509765625 0.737544119140625 0.51766090625 0.797017681640625 0.483722232421875 0.81007432421875 0.456718076171875 0.83988660546875 0.4476231640625 0.859586236328125 0.431701556640625 0.895183173828125 0.4325442109375 0.89760716796875 0.420230302734375 0.87226821484375 0.390871248046875 0.833086951171875 0.3696998203125 0.764353408203125 0.346864830078125 0.752336763671875 0.330835095703125 0.730993134765625 0.32679519140625 0.709123841796875 0.2931802890625 0.6777038984375 0.273477916015625 0.668074916015625 0.253970046875 0.61642967578125 0.22061428125 0.5852753984375 0.2412453828125 0.579605408203125 0.25589244140625 0.559542439453125 0.360171791015625 0.557015109375 0.45008496875 0.548213791015625 0.491649802734375 0.555080447265625 0.50080965234375 0.546424462890625 0.507031388671875 0.56515676171875 0.516472123046875 0.567181087890625 0.601351734375 0.57938506640625 0.62429454296875 0.60972301171875 0.644774634765625 0.613676337890625 0.627837615234375 0.60013036328125 0.6164309921875 0.650167939453125 0.620989474609375 0.635539966796875 0.6103605703125 0.654121265625 0.604052455078125 0.639269626953125 0.59534625 0.6537466015625 0.59022630078125 0.6449396171875 0.580699189453125 0.650833275390625 0.564129431640625 0.7008708515625 0.5686879140625 0.708070171875 0.5494177421875 0.7227708125 0.54237509765625
0 0.44178795703125 0.528601638671875 0.43517183203125 0.534335037109375 0.431291173828125 0.53360051171875 0.430122169921875 0.535126158203125 0.43243614453125 0.540804888671875 0.438257134765625 0.541906681640625 0.44059514453125 0.53885538671875 0.444078123046875 0.54300847265625 0.449899115234375 0.544110263671875 0.452237123046875 0.54105896875 0.48522273046875 0.547302455078125 0.48756073828125 0.544251162109375 0.49532205859375 0.545720216796875 0.4988290703125 0.541143275390625 0.499226525390625 0.537726642578125 0.4953698984375 0.528262087890625 0.493429568359375 0.527894826171875 0.491091560546875 0.5309461171875 0.483330240234375 0.5294770625 0.480992232421875 0.532528357421875 0.451887283203125 0.5270193984375 0.4495492734375 0.530070693359375 0.44178795703125 0.528601638671875
0 0.47187962109375 0.457440962890625 0.46682995703125 0.458232083984375 0.46329913671875 0.471537126953125 0.4702412890625 0.488571400390625 0.477604931640625 0.493459013671875 0.483052048828125 0.489251259765625 0.483449728515625 0.485832701171875 0.47187962109375 0.457440962890625
0 0.502225220703125 0.43523804296875 0.49446390234375 0.43376898828125 0.490956888671875 0.438345927734375 0.490559208984375 0.441764484375 0.4940183828125 0.454645673828125 0.49789904296875 0.455380201171875 0.50608184765625 0.444702595703125 0.502225220703125 0.43523804296875
0 0.612172185546875 0.41063480859375 0.608665171875 0.41521175 0.617126169921875 0.444759947265625 0.62016385546875 0.469787798828125 0.626756169921875 0.4727825 0.630262958984375 0.468207482421875 0.628720310546875 0.464421662109375 0.629515666015625 0.457584544921875 0.62608030078125 0.43597525390625 0.6191381484375 0.41894098046875 0.612172185546875 0.41063480859375
0 0.496912548828125 0.53204791015625 0.502010052734375 0.513798662109375 0.498153201171875 0.50433603125 0.49621287109375 0.503968765625 0.49036807421875 0.511595078125 0.486837251953125 0.52490012109375 0.49148923828125 0.527527560546875 0.493031888671875 0.5313133828125 0.496912548828125 0.53204791015625
0 0.423227853515625 0.50063375390625 0.42163736328125 0.5143060625 0.437557681640625 0.5138256171875 0.4441738046875 0.50809221484375 0.46280577734375 0.50987194140625 0.462432130859375 0.504560474609375 0.458551470703125 0.5038259453125 0.457008595703125 0.500042046875 0.445366615234375 0.49783846484375 0.44302883203125 0.5008878359375 0.423227853515625 0.50063375390625
0 0.557188595703125 0.78100785546875 0.556019591796875 0.78253350390625 0.55833379296875 0.7882103125 0.580846203125 0.7907264921875 0.578532224609375 0.785047759765625 0.557188595703125 0.78100785546875
0 0.269320099609375 0.698573666015625 0.268524966796875 0.705408857421875 0.29103759765625 0.70792311328125 0.290663728515625 0.702613568359375 0.269320099609375 0.698573666015625
0 0.23324919140625 0.684758537109375 0.218076390625 0.695859998046875 0.209917392578125 0.6978095 0.20407259375 0.7054358125 0.204843919921875 0.70732872265625 0.213002693359375 0.70538114453125 0.219619041015625 0.6996458203125 0.223499701171875 0.70038034765625 0.228175716796875 0.694277759765625 0.2343941640625 0.691962916015625 0.235960845703125 0.687018712890625 0.23324919140625 0.684758537109375
0 0.2086288984375 0.742979509765625 0.21056923046875 0.7433467734375 0.215245021484375 0.737246107421875 0.22106601171875 0.7383478984375 0.215582849609375 0.7311201953125 0.223540357421875 0.723129376953125 0.2285015234375 0.717047357421875 0.233177541015625 0.71094476953125 0.23397267578125 0.704109576171875 0.23631068359375 0.70105828515625 0.233996708984375 0.695379552734375 0.225416220703125 0.709475712890625 0.225018544921875 0.712894271484375 0.219968880859375 0.713685392578125 0.2164618671875 0.71826233203125 0.2160641875 0.721680888671875 0.209050384765625 0.73083284765625 0.2086288984375 0.742979509765625
0 0.031915361328125 0.76193288671875 0.042786015625 0.76224355859375 0.038531708984375 0.7561975625 0.036193701171875 0.75924885546875 0.0284323828125 0.75777980078125 0.0276370234375 0.764616916015625 0.031915361328125 0.76193288671875
0 0.1038510859375 0.72314726171875 0.101537111328125 0.717468529296875 0.101934564453125 0.71405189453125 0.097680259765625 0.7080058984375 0.089918939453125 0.70653684375 0.08912358203125 0.713373958984375 0.0930042421875 0.714108486328125 0.0991750703125 0.729249849609375 0.102658275390625 0.73340101171875 0.11546903515625 0.73408087109375 0.113155056640625 0.728402138671875 0.107334068359375 0.72730034765625 0.1038510859375 0.72314726171875
0 0.040845685546875 0.761876294921875 0.0284323828125 0.75777980078125 0.028034703125 0.761198359375 0.040845685546875 0.761876294921875
0 0.038483869140625 0.77365569140625 0.03768851171875 0.780492806640625 0.044678505859375 0.780068951171875 0.044304859375 0.774757484375 0.038483869140625 0.77365569140625
0 0.03247151953125 0.842386416015625 0.030905060546875 0.847328697265625 0.02428871484375 0.853064021484375 0.02389103515625 0.856482580078125 0.02660269140625 0.85874275390625 0.0292905390625 0.86973103125 0.0312308671875 0.870098294921875 0.039016220703125 0.86283732421875 0.0398113515625 0.856002130859375 0.0344118515625 0.8427536796875 0.03247151953125 0.842386416015625
0 0.062786978515625 0.54769246875 0.054230525390625 0.55305860546875 0.053061521484375 0.554584251953125 0.055375498046875 0.560262984375 0.057315828125 0.560630248046875 0.062763169921875 0.556420572265625 0.063558302734375 0.54958537890625 0.062786978515625 0.54769246875
0 0.4877343984375 0.76436780078125 0.492784064453125 0.763576681640625 0.4931817421875 0.760158125 0.482756384765625 0.7389726875 0.47076456640625 0.722729533203125 0.469595787109375 0.724253259765625 0.4734524140625 0.7337178125 0.475392744140625 0.734085076171875 0.4877343984375 0.76436780078125
0 0.380238599609375 0.461056248046875 0.39304958203125 0.4617341875 0.39384471484375 0.454898994140625 0.38959041015625 0.448852998046875 0.377948431640625 0.4466494140625 0.37444141796875 0.45122635546875 0.380238599609375 0.461056248046875
0 0.356365826171875 0.529898234375 0.362210623046875 0.522271921875 0.36419879296875 0.50518105859375 0.36034194140625 0.49571842578125 0.3591729375 0.49724407421875 0.3567873125 0.51775157421875 0.3544493046875 0.5208028671875 0.354425494140625 0.529530970703125 0.356365826171875 0.529898234375