1 0.8046875 0.5361328125 0.8681640625 0.509765625 0.888671875 0.4873046875 0.904296875 0.4501953125 0.896484375 0.4326171875 0.9111328125 0.39453125 0.8154296875 0.38671875 0.80078125 0.3994140625 0.783203125 0.4267578125 0.78125 0.4677734375 0.783203125 0.5244140625
1 0.751953125 0.3701171875 0.7685546875 0.359375 0.8076171875 0.357421875 0.8154296875 0.341796875 0.8251953125 0.341796875 0.83203125 0.3173828125 0.828125 0.2998046875 0.8408203125 0.296875 0.8466796875 0.28125 0.9521484375 0.27734375 0.9619140625 0.28515625 0.9716796875 0.2734375 0.9990234375 0.26953125 1 0.2119140625 0.5732421875 0.212890625 0.498046875 0.2197265625 0.494140625 0.2294921875 0.5029296875 0.25390625 0.5712890625 0.25390625 0.578125 0.2744140625 0.59375 0.2841796875 0.5966796875 0.294921875 0.6376953125 0.30859375 0.6748046875 0.341796875 0.6865234375 0.34375 0.6923828125 0.3359375 0.7119140625 0.361328125 0.7236328125 0.3515625
0 0.71484375 0.317708984375 0.716796875 0.314236328125 0.716796875 0.30034765625 0.71875 0.296875 0.720703125 0.26909765625 0.72265625 0.265625 0.7216796875 0.25347265625 0.71875 0.255208984375 0.71875 0.2725703125 0.716796875 0.276041015625 0.71484375 0.3038203125 0.712890625 0.307291015625 0.712890625 0.328125 0.7109375 0.33159765625 0.7109375 0.345486328125 0.708984375 0.348958984375 0.7119140625 0.354166015625 0.712890625 0.345486328125 0.71484375 0.342013671875
0 0.736328125 0.33159765625 0.736328125 0.317708984375 0.73828125 0.314236328125 0.73828125 0.29340234375 0.740234375 0.2899296875 0.740234375 0.2725703125 0.7421875 0.26909765625 0.7412109375 0.25347265625 0.73828125 0.26215234375 0.73828125 0.276041015625 0.736328125 0.279513671875 0.736328125 0.29340234375 0.734375 0.296875 0.734375 0.314236328125 0.732421875 0.317708984375 0.732421875 0.33159765625 0.73046875 0.3350703125 0.7314453125 0.357638671875 0.734375 0.3524296875 0.734375 0.3350703125
0 0.0712890625 0.326388671875 0.072265625 0.3211796875 0.0703125 0.317708984375 0.068359375 0.296875 0.06640625 0.29340234375 0.064453125 0.26215234375 0.0625 0.2586796875 0.0625 0.251736328125 0.0595703125 0.24652734375 0.05859375 0.2586796875 0.060546875 0.26215234375 0.060546875 0.2725703125 0.0625 0.276041015625 0.064453125 0.3038203125 0.06640625 0.307291015625 0.068359375 0.3211796875
0 0.065658203125 0.2708984375 0.06751171875 0.275373046875 0.0751953125 0.27777734375 0.078125 0.2725703125
0 0.10546875 0.29340234375 0.10415234375 0.281392578125 0.1083984375 0.27777734375 0.1103515625 0.28125 0.111810546875 0.277853515625 0.109361328125 0.2728828125 0.1044921875 0.270833984375 0.101552734375 0.276349609375 0.0979375 0.26391796875 0.09765625 0.26909765625 0.09896875 0.2765078125 0.1003515625 0.282544921875 0.1015625 0.286458984375 0.104271484375 0.301966796875 0.1064453125 0.30902734375 0.10609765625 0.29880859375
0 0.146484375 0.296875 0.14453125 0.2899296875 0.1416015625 0.2881953125 0.140625 0.29340234375 0.142578125 0.296875 0.142578125 0.3038203125 0.1455078125 0.30902734375 0.1474609375 0.30902734375 0.1484375 0.307291015625 0.146484375 0.3038203125
0 0.227203125 0.26128515625 0.226865234375 0.268423828125 0.2275390625 0.270833984375 0.230349609375 0.2658359375 0.228578125 0.263248046875
0 0.67776953125 0.3400234375 0.674541015625 0.334513671875 0.6708984375 0.333333984375 0.6689453125 0.329861328125 0.6650390625 0.333333984375 0.66015625 0.3211796875 0.66015625 0.296875 0.662109375 0.29340234375 0.662109375 0.2725703125 0.6640625 0.26909765625 0.6640625 0.2586796875 0.66015625 0.2586796875 0.66015625 0.2725703125 0.658203125 0.276041015625 0.658203125 0.33159765625 0.66279296875 0.334265625 0.6728515625 0.34027734375 0.6748046875 0.34375 0.6806640625 0.34375
0 0.689453125 0.26909765625 0.6898046875 0.269658203125 0.69214453125 0.279564453125 0.692783203125 0.273689453125 0.692640625 0.25844921875 0.6915390625 0.257798828125 0.689453125 0.2586796875
0 0.768083984375 0.28134765625 0.761623046875 0.279798828125 0.75525 0.279232421875 0.75258984375 0.279236328125 0.74735546875 0.279232421875 0.74588671875 0.27964453125 0.740904296875 0.280005859375 0.7412109375 0.28472265625 0.7666015625 0.28472265625 0.7685546875 0.2881953125 0.7744140625 0.2881953125 0.77734375 0.282986328125 0.775736328125 0.2819609375
0 0.78515625 0.255208984375 0.78515625 0.26215234375 0.783203125 0.265625 0.783203125 0.276041015625 0.78125 0.279513671875 0.7822265625 0.2881953125 0.78515625 0.282986328125 0.787109375 0.26909765625 0.7890625 0.265625 0.7880859375 0.25347265625
0 0.779296875 0.307291015625 0.77734375 0.307291015625 0.77734375 0.328125 0.775390625 0.33159765625 0.775390625 0.345486328125 0.7734375 0.348958984375 0.7744140625 0.354166015625 0.7763671875 0.354166015625 0.779296875 0.345486328125
0 0.828125 0.286458984375 0.8310546875 0.291666015625 0.8359375 0.2725703125 0.83712109375 0.25233203125 0.83203125 0.265625 0.828125 0.279513671875
0 0.8583984375 0.4305546875 0.85546875 0.435763671875 0.8564453125 0.46875 0.861328125 0.4600703125 0.859375 0.45659765625 0.859375 0.44965234375 0.861328125 0.4461796875 0.861328125 0.432291015625
0 0.8447265625 0.427083984375 0.841796875 0.432291015625 0.841796875 0.442708984375 0.837890625 0.45659765625 0.8388671875 0.4756953125 0.845703125 0.470486328125 0.845703125 0.44965234375 0.84765625 0.4461796875 0.84765625 0.432291015625
0 0.8359375 0.435763671875 0.8359375 0.432291015625 0.8330078125 0.427083984375 0.83203125 0.435763671875 0.830078125 0.439236328125 0.830078125 0.44965234375 0.828125 0.453125 0.828125 0.463541015625 0.826171875 0.467013671875 0.8271484375 0.4756953125 0.83203125 0.463541015625 0.83203125 0.44965234375