1 0.987040390625 0.285137203125 0.994245626953125 0.280730298828125 0.985821564453125 0.227183216796875 0.97253461328125 0.230021611328125 0.96418631640625 0.247290587890625 0.973211212890625 0.2840766484375 0.987040390625 0.285137203125
1 0.617138009765625 0.2956186796875 0.623840087890625 0.273539505859375 0.610108583984375 0.23804565625 0.595678576171875 0.253746123046875 0.596181734375 0.271418392578125 0.604703470703125 0.29053218359375 0.617138009765625 0.2956186796875
1 0.8860350703125 0.19831508984375 0.872186357421875 0.204141189453125 0.872418400390625 0.219863984375 0.8621527734375 0.23037329296875 0.870867486328125 0.278983193359375 0.8794087578125 0.291210326171875 0.895736564453125 0.289156185546875 0.8981008203125 0.23588540234375 0.89403411328125 0.20664326953125 0.8860350703125 0.19831508984375
1 0.48328173046875 0.2817714296875 0.47386851171875 0.284355849609375 0.47237619921875 0.322815080078125 0.503908287109375 0.324682216796875 0.50123621875 0.29141414453125 0.48328173046875 0.2817714296875
1 0.0569586484375 0.287099435546875 0.04260677734375 0.27525326953125 0.0434763515625 0.35880441796875 0.065595220703125 0.36325597265625 0.064899087890625 0.316087591796875 0.0569586484375 0.287099435546875
1 0.265268255859375 0.288196234375 0.255564390625 0.2957178359375 0.25784813671875 0.3683563828125 0.289109109375 0.368274044921875 0.28128587890625 0.297965935546875 0.265268255859375 0.288196234375
1 0.154131677734375 0.262039513671875 0.146054494140625 0.28125796875 0.162477603515625 0.343133232421875 0.1879279765625 0.343431857421875 0.180375859375 0.275073224609375 0.154131677734375 0.262039513671875
0 0.173309345703125 0.32264038671875 0.168489755859375 0.28798455859375 0.16994458203125 0.28439140234375 0.168016689453125 0.27052868359375 0.165597783203125 0.26718950390625 0.164633703125 0.26025716796875 0.160759970703125 0.26051114453125 0.16413398046875 0.2847723671875 0.16267915625 0.2883655234375 0.168462828125 0.3299536875 0.17499186328125 0.341765853515625 0.176692333984375 0.332911900390625 0.175728251953125 0.32597956640625 0.173309345703125 0.32264038671875
0 0.289521318359375 0.315021080078125 0.2880664921875 0.318614234375 0.28903057421875 0.325546572265625 0.2926586640625 0.330553390625 0.294595529296875 0.330426400390625 0.2967780390625 0.3250386171875 0.296295998046875 0.321572451171875 0.2949465625 0.3177578984375 0.2933432421875 0.310698291015625 0.2929222578125 0.29731317578125 0.28762035546875 0.25918923046875 0.28399199609375 0.254180462890625 0.28205512890625 0.254307451171875 0.279872892578125 0.259697185546875 0.281318740234375 0.270093740234375 0.2837376484375 0.27343291796875 0.289521318359375 0.315021080078125
0 0.375033685546875 0.234222296875 0.371159953125 0.2344762734375 0.370914580078125 0.23973901953125 0.3762341640625 0.249881595703125 0.37864409375 0.267210484375 0.381790412109375 0.268753083984375 0.378662044921875 0.239231064453125 0.375033685546875 0.234222296875
0 0.388301498046875 0.308544669921875 0.3849277578125 0.284285396484375 0.3810540234375 0.28453937109375 0.38201810546875 0.291471708984375 0.3805630078125 0.2950629140625 0.38393701953125 0.31932413671875 0.3868376953125 0.32612753515625 0.389984015625 0.327670134765625 0.391438841796875 0.324076978515625 0.399186306640625 0.323569025390625 0.399913990234375 0.3217743984375 0.388301498046875 0.308544669921875
0 0.5020948359375 0.2975881328125 0.50063973828125 0.30117933984375 0.504741162109375 0.323643986328125 0.507405443359375 0.32172041796875 0.5064416328125 0.314790033203125 0.508387203125 0.30067138671875 0.504531421875 0.2729459453125 0.505986248046875 0.2693527890625 0.504058357421875 0.25549006640625 0.505513455078125 0.251898859375 0.504067333984375 0.241500359375 0.500439244140625 0.2364935390625 0.498256736328125 0.24188132421875 0.500184625 0.255744044921875 0.498729798828125 0.259337201171875 0.501621771484375 0.280132255859375 0.5001669453125 0.283725412109375 0.5020948359375 0.2975881328125
0 0.612250568359375 0.295610587890625 0.616124298828125 0.295356611328125 0.610586001953125 0.248505703125 0.6069579140625 0.243498884765625 0.6030841796875 0.243752859375 0.608140439453125 0.2871376015625 0.612250568359375 0.295610587890625
0 0.8766820390625 0.2013322890625 0.87449980078125 0.2067220234375 0.87691870703125 0.210061203125 0.87884659765625 0.223923923828125 0.877391771484375 0.227517080078125 0.88727659765625 0.2915679375 0.891878013671875 0.28951933203125 0.881274208984375 0.2132714453125 0.878855572265625 0.20993421484375 0.879828359375 0.202874892578125 0.8766820390625 0.2013322890625
0 0.982946359375 0.22759008984375 0.99065819140625 0.283042921875 0.994286279296875 0.2880497421875 0.98441016015625 0.210007224609375 0.98247329296875 0.210134212890625 0.984401185546875 0.22399693359375 0.982946359375 0.22759008984375
0 0.053696705078125 0.347969546875 0.056115609375 0.3513087265625 0.0575614609375 0.361705279296875 0.060707779296875 0.363247880859375 0.06482715625 0.357733107421875 0.06386307421875 0.350800771484375 0.059025533203125 0.34412436328125 0.05709737109375 0.330259693359375 0.058552466796875 0.326668486328125 0.05710634765625 0.316269982421875 0.0585614453125 0.31267877734375 0.053723630859375 0.306000419921875 0.054696416015625 0.298941095703125 0.05083166015625 0.28520536328125 0.046957927734375 0.28545933984375 0.052741869140625 0.327049451171875 0.051286771484375 0.330640658203125 0.053696705078125 0.347969546875