1 0.209477640625 0.491041751953125 0.203140111328125 0.450929580078125 0.18273098046875 0.427009333984375 0.166804791015625 0.41702795703125 0.0724794609375 0.441321529296875 0.091126634765625 0.47634382421875 0.085242021484375 0.4950340234375 0.10475558984375 0.528923935546875 0.127554591796875 0.5475208046875 0.19349825390625 0.56252214453125 0.2136054375 0.547240810546875 0.209477640625 0.491041751953125
1 0 0.33302233984375 0.010263873046875 0.3422551015625 0.01913711328125 0.332857482421875 0.12442875 0.318428537109375 0.13192948046875 0.332822701171875 0.144867044921875 0.3335115 0.1428666171875 0.351524609375 0.152280275390625 0.37441751171875 0.161990740234375 0.372724791015625 0.171433564453125 0.386780412109375 0.21048473046875 0.381935748046875 0.22814370703125 0.38965235546875 0.25431564453125 0.366444330078125 0.267014734375 0.3740441875 0.2837146796875 0.34561782421875 0.290378185546875 0.35230708984375 0.3018214375 0.348349599609375 0.335162994140625 0.3091714375 0.374481798828125 0.288578435546875 0.37624375390625 0.2774763828125 0.39073396484375 0.265136904296875 0.395333572265625 0.243726640625 0.463306828125 0.23187758984375 0.469429912109375 0.20627633203125 0.464499193359375 0.197322298828125 0.388996041015625 0.20361446875 0 0.270524615234375 0 0.33302233984375
0 0.2457459453125 0.26936693359375 0.246077203125 0.28152117578125 0.24839144140625 0.284607458984375 0.25331029296875 0.311663681640625 0.255624533203125 0.314749962890625 0.257112912109375 0.328447345703125 0.25942715234375 0.33153362890625 0.262031763671875 0.355503568359375 0.26434600390625 0.3585898515625 0.26624720703125 0.366980720703125 0.2686023359375 0.36133758984375 0.266288095703125 0.358251306640625 0.264799716796875 0.344553923828125 0.2624854765625 0.341467640625 0.2602528046875 0.3209206015625 0.2579387734375 0.31783624609375 0.253019712890625 0.290778099609375 0.250705681640625 0.287693740234375 0.248845158203125 0.27057153125 0.2457459453125 0.26936693359375
0 0.226325013671875 0.272752376953125 0.227028419921875 0.2883314453125 0.22934266015625 0.291417728515625 0.231202974609375 0.30853801171875 0.233517216796875 0.311624296875 0.235749888671875 0.332171333984375 0.23806412890625 0.3352576171875 0.2395525078125 0.348955 0.241866748046875 0.352041283203125 0.243727064453125 0.36916156640625 0.247198423828125 0.3737909921875 0.24575093359375 0.351364193359375 0.243436693359375 0.348277912109375 0.24194831640625 0.334580529296875 0.239634076171875 0.331494244140625 0.237773548828125 0.314372033203125 0.23545930859375 0.311285751953125 0.2339709296875 0.297588369140625 0.231656689453125 0.294502083984375 0.2301683125 0.280804703125 0.226325013671875 0.272752376953125
0 0.900027267578125 0.198928416015625 0.90031784765625 0.219813998046875 0.898747693359375 0.223575443359375 0.900276958984375 0.228543412109375 0.90263187890625 0.22289835546875 0.903085591796875 0.2088624296875 0.90465574609375 0.205100982421875 0.903620873046875 0.17736574609375 0.90519102734375 0.17360430078125 0.9040745859375 0.16332981640625 0.905644533203125 0.1595664453125 0.903371181640625 0.14775075 0.90101626171875 0.153395806640625 0.901760345703125 0.16024353515625 0.90019040234375 0.16400690625 0.901597212890625 0.195165044921875 0.900027267578125 0.198928416015625
0 0.88771219140625 0.17665119921875 0.891183341796875 0.181278697265625 0.89856587890625 0.177575681640625 0.899929404296875 0.172841421875 0.88771219140625 0.17665119921875
0 0.856597814453125 0.190797322265625 0.858167759765625 0.187033951171875 0.862777298828125 0.1898633984375 0.8627553515625 0.201935931640625 0.862709359375 0.207376732421875 0.863458759765625 0.217515001953125 0.8648636640625 0.2101748984375 0.865895453125 0.194411115234375 0.866680099609375 0.1903410625 0.86740813671875 0.184147412109375 0.867919115234375 0.176611814453125 0.867084373046875 0.17155221875 0.86482179296875 0.184439283203125 0.861307861328125 0.1795091328125 0.85668578515625 0.182373736328125 0.854783087890625 0.18770051171875 0.856597814453125 0.190797322265625
0 0.822674806640625 0.224624431640625 0.8246168984375 0.224285888671875 0.826972025390625 0.2186427578125 0.826227732421875 0.211793099609375 0.827797677734375 0.20802973046875 0.82626862109375 0.2030636875 0.82354134375 0.2052819921875 0.822343546875 0.212470189453125 0.82308783984375 0.21931984375 0.821517685546875 0.223081291015625 0.822674806640625 0.224624431640625
0 0.738956001953125 0.200837427734375 0.739367740234375 0.19834366796875 0.7382667421875 0.191361884765625 0.737109861328125 0.193536076171875 0.73562571484375 0.1963953828125 0.738956001953125 0.200837427734375
0 0.311573083984375 0.301507349609375 0.3141776953125 0.3254772890625 0.310624978515625 0.338310546875 0.30636864453125 0.335562806640625 0.304798697265625 0.3393261796875 0.301303115234375 0.34112100390625 0.2986832890625 0.347114498046875 0.29620446484375 0.351291455078125 0.302030744140625 0.350275822265625 0.303600689453125 0.346512451171875 0.31295822265625 0.338840029296875 0.317236228515625 0.335413228515625 0.31128250390625 0.280621767578125 0.30896847265625 0.27753741015625 0.307479884765625 0.2638381015625 0.30359569921875 0.26451519140625 0.304712140625 0.274789673828125 0.307026380859375 0.277875955078125 0.30925884375 0.298421068359375 0.311573083984375 0.301507349609375
0 0.27917542578125 0.27980451171875 0.279464931640625 0.279190748046875 0.278348490234375 0.268916265625 0.276179935546875 0.268409103515625 0.275154296875 0.2692414765625 0.276645740234375 0.28429651953125 0.277910400390625 0.289979900390625 0.27917542578125 0.27980451171875
0 0.202590978515625 0.304901486328125 0.195047580078125 0.306832736328125 0.193559125 0.308122626953125 0.197030484375 0.31275205078125 0.202856763671875 0.31173641796875 0.2044267109375 0.307973044921875 0.229673919921875 0.303571970703125 0.2294733515625 0.29886698828125 0.2244803515625 0.29937426171875 0.222975734375 0.2992224140625 0.21777134375 0.30013356640625 0.21512579296875 0.300590810546875 0.20884944140625 0.3022540859375 0.202590978515625 0.304901486328125
0 0.182360279296875 0.29611796484375 0.185790751953125 0.3094768046875 0.189262111328125 0.314106228515625 0.189302791015625 0.305374888671875 0.18698855078125 0.30228860546875 0.185872318359375 0.29201605078125 0.183558078125 0.288929765625 0.182813994140625 0.282082037109375 0.17971478125 0.28087744140625 0.1800460390625 0.29303168359375 0.182360279296875 0.29611796484375
0 0.204513267578125 0.3725095546875 0.20219902734375 0.36942326953125 0.2007106484375 0.35572588671875 0.198396408203125 0.352639603515625 0.196163734375 0.33209256640625 0.194221642578125 0.332431111328125 0.198314841796875 0.370100359375 0.202158138671875 0.378152685546875 0.20410023046875 0.377814140625 0.204513267578125 0.3725095546875
0 0.14269255859375 0.313499951171875 0.137319994140625 0.300479658203125 0.130834359375 0.28825201953125 0.1341801015625 0.308006400390625 0.141081724609375 0.32599273828125 0.143436853515625 0.32034960546875 0.14269255859375 0.313499951171875
0 0.129026322265625 0.497325041015625 0.134811712890625 0.505038822265625 0.13224778125 0.472337541015625 0.128776421875 0.4677081171875 0.126049353515625 0.46992834765625 0.127537732421875 0.48362573046875 0.12985197265625 0.486712013671875 0.130596267578125 0.493561669921875 0.129026322265625 0.497325041015625
0 0.145679298828125 0.5048892421875 0.15303484375 0.508841578125 0.151959291015625 0.489837681640625 0.1465867265625 0.47681738671875 0.14547028515625 0.466542904296875 0.141999134765625 0.46191540625 0.13964400390625 0.467558537109375 0.141132384765625 0.481255919921875 0.143446625 0.484342203125 0.145679298828125 0.5048892421875
0 0.157041275390625 0.48197239453125 0.158529654296875 0.495669775390625 0.164687400390625 0.5068103125 0.164728080078125 0.498078970703125 0.16241383984375 0.4949926875 0.161297607421875 0.484720130859375 0.1589833671875 0.48163384765625 0.15786713671875 0.47136129296875 0.155552896484375 0.468275009765625 0.15365169140625 0.459884140625 0.1512965625 0.465527271484375 0.1516687109375 0.468952099609375 0.157041275390625 0.48197239453125