1 0.56640625 0.9365234375 0.6513671875 0.923828125 0.7236328125 0.88671875 0.740234375 0.8603515625 0.740234375 0.8408203125 0.716796875 0.8037109375 0.6884765625 0.7890625 0.669921875 0.7919921875 0.689453125 0.8291015625 0.689453125 0.8544921875 0.6787109375 0.873046875 0.5732421875 0.88671875 0.4423828125 0.87109375 0.4296875 0.8564453125 0.421875 0.8291015625 0.4375 0.7861328125 0.3984375 0.8095703125 0.3828125 0.8466796875 0.3828125 0.8779296875 0.3994140625 0.900390625 0.4794921875 0.93359375
1 0.59765625 0.7744140625 0.65625 0.7666015625 0.626953125 0.7333984375 0.630859375 0.6865234375 0.6103515625 0.6640625 0.5498046875 0.638671875 0.53125 0.6689453125 0.5224609375 0.671875 0.4814453125 0.646484375 0.4599609375 0.6484375 0.4423828125 0.630859375 0.419921875 0.6376953125 0.4140625 0.6552734375 0.419921875 0.7373046875 0.4384765625 0.76171875 0.4892578125 0.775390625
1 0.654296875 0.6611328125 0.6787109375 0.65625 0.69140625 0.6259765625 0.689453125 0.5947265625 0.6796875 0.5830078125 0.6875 0.5771484375 0.681640625 0.5654296875 0.6875 0.5615234375 0.689453125 0.5146484375 0.6796875 0.3447265625 0.6982421875 0.34375 0.69921875 0.3349609375 0.6845703125 0.337890625 0.6796875 0.3310546875 0.66796875 0.2451171875 0.66796875 0.2041015625 0.6796875 0.1923828125 0.68359375 0.1669921875 0.6748046875 0.150390625 0.6689453125 0.16015625 0.662109375 0.1572265625 0.66015625 0.1142578125 0.6474609375 0.1015625 0.619140625 0.1474609375 0.623046875 0.1650390625 0.587890625 0.2138671875 0.552734375 0.2470703125 0.53515625 0.4482421875 0.556640625 0.5869140625 0.6298828125 0.658203125
0 0.57203515625 0.7306875 0.535125 0.738087890625 0.50959765625 0.737287109375 0.481587890625 0.7364609375 0.463189453125 0.73671484375 0.45464453125 0.7411015625 0.48131640625 0.745125 0.519490234375 0.75155859375 0.543828125 0.747138671875 0.569953125 0.744951171875 0.607880859375 0.73805078125 0.625630859375 0.721392578125 0.599169921875 0.72454296875
0 0.54518359375 0.717921875 0.583365234375 0.708193359375 0.563443359375 0.704486328125 0.500140625 0.709609375 0.452474609375 0.7118046875 0.50661328125 0.717921875
0 0.606986328125 0.60386328125 0.60546875 0.615234375 0.6247421875 0.60580859375
0 0.601560546875 0.575646484375 0.59027734375 0.59136328125 0.631111328125 0.578994140625
0 0.62524609375 0.5255078125 0.620337890625 0.519001953125 0.602248046875 0.533498046875 0.584111328125 0.535150390625 0.579427734375 0.54144921875 0.604248046875 0.541234375
0 0.611826171875 0.49933984375 0.59296875 0.50725390625 0.58051171875 0.514322265625 0.600771484375 0.511669921875 0.61558984375 0.5017890625
0 0.602958984375 0.4659609375 0.583369140625 0.478439453125 0.56849609375 0.489005859375 0.594638671875 0.48310546875 0.612822265625 0.4732265625
0 0.60003125 0.435998046875 0.61064453125 0.43303515625 0.596833984375 0.4291953125 0.584724609375 0.4365546875 0.5653203125 0.44487890625 0.58195703125 0.443474609375
0 0.611279296875 0.4027265625 0.5885234375 0.404302734375 0.56206640625 0.4210078125 0.5816015625 0.41647265625 0.600564453125 0.410837890625
0 0.58112890625 0.24503125 0.5717109375 0.248384765625 0.570962890625 0.25390625 0.59871484375 0.249689453125 0.599484375 0.24328125
0 0.586578125 0.27053125 0.570318359375 0.272841796875 0.572265625 0.279947265625 0.6050078125 0.277404296875 0.609771484375 0.2686640625
0 0.59554296875 0.29262109375 0.58283203125 0.295376953125 0.587501953125 0.301974609375 0.5933359375 0.299146484375
0 0.59203125 0.3360625 0.608978515625 0.33198046875 0.61087109375 0.323328125 0.59174609375 0.32751953125 0.57972265625 0.332783203125 0.575998046875 0.339091796875 0.577474609375 0.339193359375
0 0.58923046875 0.35389453125 0.572595703125 0.359265625 0.571615234375 0.3671875 0.5898828125 0.36203515625 0.6056875 0.353736328125
0 0.584701171875 0.38025 0.58356640625 0.388291015625 0.584634765625 0.388671875 0.60044140625 0.38570703125 0.5983125 0.379603515625