1 0.8427339375 0.490498904296875 0.86205101171875 0.46641841796875 0.875709767578125 0.428138197265625 0.866966771484375 0.41125950390625 0.87959730078125 0.372086294921875 0.783485982421875 0.372187060546875 0.769510748046875 0.3860497578125 0.753381787109375 0.41475616015625 0.753600990234375 0.45580336328125 0.758553728515625 0.51210428125 0.780657486328125 0.522015142578125 0.8427339375 0.490498904296875
1 0.960862736328125 0.2402360546875 0.958787796875 0.18272016796875 0.53210650390625 0.218870431640625 0.45727759765625 0.231882998046875 0.453888767578125 0.241939794921875 0.463970302734375 0.265552359375 0.53232570703125 0.259917634765625 0.540247353515625 0.27979726953125 0.556388640625 0.288244142578125 0.5598870703125 0.298710947265625 0.6016243828125 0.308958849609375 0.640490060546875 0.338998359375 0.6523115703125 0.339979369140625 0.657756849609375 0.33170854296875 0.67863166796875 0.3554091328125 0.68983254296875 0.344708369140625 0.71913387890625 0.360870125 0.7351655625 0.3487933984375 0.77412235546875 0.34362659375 0.781106890625 0.32740692578125 0.790871947265625 0.32660196484375 0.796414501953125 0.301701462890625 0.79157753125 0.28450078515625 0.804116947265625 0.280533892578125 0.80914847265625 0.264475216796875 0.91440421484375 0.251887716796875 0.92458302734375 0.25887060546875 0.933727453125 0.246383869140625 0.960862736328125 0.2402360546875
0 0.67784971484375 0.32223027734375 0.6760806171875 0.325852966796875 0.676816169921875 0.33969781640625 0.675047072265625 0.343320509765625 0.678252357421875 0.34826962109375 0.678769181640625 0.339536826171875 0.680538279296875 0.3359141328125 0.6792510859375 0.3116861328125 0.68102018359375 0.308063443359375 0.680284630859375 0.294218591796875 0.682053728515625 0.290595900390625 0.6825356328125 0.262745208984375 0.68430473046875 0.25912251953125 0.682684626953125 0.247089015625 0.679847068359375 0.2490613515625 0.68076653515625 0.26636790234375 0.678997333984375 0.26998864453125 0.67851553515625 0.29784128515625 0.676746333984375 0.301462029296875 0.67784971484375 0.32223027734375
0 0.6976778203125 0.289307962890625 0.698597287109375 0.30661451171875 0.696828189453125 0.310237205078125 0.6975637421875 0.3240820546875 0.695794646484375 0.327704744140625 0.69796638671875 0.350121400390625 0.700620033203125 0.34468736328125 0.699700669921875 0.327382759765625 0.701469765625 0.3237600703125 0.700734212890625 0.309915220703125 0.702503310546875 0.30629252734375 0.701399927734375 0.285524279296875 0.70316902734375 0.28190158984375 0.702249662109375 0.264596986328125 0.704018759765625 0.260974296875 0.7022147421875 0.24547909375 0.699744908203125 0.2543728828125 0.7004804609375 0.26821773046875 0.698711365234375 0.271840423828125 0.69944691796875 0.2856852734375 0.6976778203125 0.289307962890625
0 0.02473848046875 0.323921013671875 0.028162701171875 0.35145166796875 0.0302995234375 0.354750427734375 0.03298808984375 0.36843428515625 0.036193478515625 0.373385345703125 0.03689411328125 0.36811230078125 0.034757291015625 0.364813541015625 0.0317008984375 0.344206283203125 0.029563970703125 0.340905578125 0.025955939453125 0.309915171875 0.023819015625 0.306614462890625 0.0234512890625 0.299693013671875 0.020245900390625 0.294741953125 0.0199129921875 0.306936447265625 0.022049916015625 0.31023715625 0.022601658203125 0.32062225390625 0.02473848046875 0.323921013671875
0 0.027624146484375 0.318534337890625 0.029714533203125 0.322842046875 0.03752501171875 0.3246054140625 0.04017876171875 0.319173322265625 0.027624146484375 0.318534337890625
0 0.064350455078125 0.331086267578125 0.0678805859375 0.346321853515625 0.07042821875 0.3531809375 0.069539390625 0.343023087890625 0.068624201171875 0.337685736328125 0.066671826171875 0.325822373046875 0.07072620703125 0.321868548828125 0.072863134765625 0.32516925390625 0.074142154296875 0.3216632265625 0.07142982421875 0.31691008984375 0.0664524609375 0.315269080078125 0.0638052890625 0.32100959375 0.059531876953125 0.30891517578125 0.05952496484375 0.314101703125 0.061229833984375 0.32138029296875 0.062932294921875 0.32728437109375 0.064350455078125 0.331086267578125
0 0.1044791484375 0.329516779296875 0.103778408203125 0.334787875 0.105915333984375 0.338088583984375 0.106283162109375 0.345011982421875 0.109488447265625 0.34996109375 0.111441458984375 0.349800103515625 0.1123260078125 0.3479887578125 0.110189185546875 0.344689998046875 0.109821357421875 0.337766599609375 0.107500517578125 0.33100419140625 0.1044791484375 0.329516779296875
0 0.189492185546875 0.30512657421875 0.192037869140625 0.299912630859375 0.190129431640625 0.29747892578125 0.1886505546875 0.29563556640625 0.188690751953125 0.302779564453125 0.189492185546875 0.30512657421875
0 0.62217619140625 0.2711976640625 0.620406990234375 0.27481841015625 0.6233493046875 0.330199755859375 0.628080181640625 0.332480974609375 0.63845657421875 0.337644615234375 0.640593501953125 0.340945322265625 0.64645253515625 0.34046234765625 0.643360810546875 0.3369861328125 0.639840681640625 0.33175987109375 0.636135837890625 0.33088415625 0.633998912109375 0.32758344921875 0.6302768046875 0.3313671328125 0.62475057421875 0.3196536640625 0.6234633828125 0.295425666015625 0.62523248046875 0.291802974609375 0.624129203125 0.271036673828125 0.625898298828125 0.267413982421875 0.625346556640625 0.257028884765625 0.62144053515625 0.257350869140625 0.62217619140625 0.2711976640625
0 0.65277487109375 0.253885966796875 0.65073570703125 0.254935986328125 0.65128744921875 0.2653210859375 0.651668677734375 0.2658508828125 0.65453302734375 0.2755330078125 0.654860517578125 0.269623900390625 0.653910814453125 0.254443505859375 0.65277487109375 0.253885966796875
0 0.73824688671875 0.27103162890625 0.730562505859375 0.271051048828125 0.72401991796875 0.270039671875 0.71761724609375 0.270000369140625 0.71495744921875 0.27022353515625 0.709723171875 0.270651099609375 0.70827633203125 0.27118297265625 0.703313337890625 0.271953853515625 0.703869765625 0.276630490234375 0.729258912109375 0.27453759375 0.73139583984375 0.27783830078125 0.737254875 0.27735532421875 0.73990851953125 0.271921287109375 0.73824688671875 0.27103162890625
0 0.7448480859375 0.25413176171875 0.7453997265625 0.2645149140625 0.74363062890625 0.268137603515625 0.745066919921875 0.276711357421875 0.74772056640625 0.271277318359375 0.748938025390625 0.2572714765625 0.75070712109375 0.25364878515625 0.74908701953125 0.24161528125 0.746249458984375 0.24358762109375 0.746617185546875 0.2505090703125 0.7448480859375 0.25413176171875
0 0.74052999609375 0.3205402265625 0.74126555078125 0.334385076171875 0.739496453125 0.338007767578125 0.7407487265625 0.343117875 0.742701736328125 0.342956880859375 0.74517157421875 0.334063091796875 0.74314872265625 0.295988294921875 0.7411957109375 0.296149287109375 0.74229909375 0.31691753515625 0.74052999609375 0.3205402265625
0 0.790870732421875 0.27119719140625 0.79407601953125 0.276146302734375 0.7979472265625 0.256708373046875 0.79805891796875 0.236436388671875 0.793673375 0.250106958984375 0.79050290625 0.26427379296875 0.790870732421875 0.27119719140625
0 0.83112957421875 0.438223158203125 0.83076174609375 0.431299759765625 0.832530841796875 0.427677068359375 0.8317952890625 0.41383221875 0.82877381640625 0.412342857421875 0.82612016796875 0.41777689453125 0.82884365234375 0.450578646484375 0.8332665 0.441523865234375 0.83112957421875 0.438223158203125
0 0.809646447265625 0.439994072265625 0.81163437890625 0.458950974609375 0.818194046875 0.453194953125 0.817090666015625 0.432426705078125 0.81885976171875 0.428804013671875 0.818124208984375 0.4149591640625 0.814918923828125 0.41001005078125 0.812265173828125 0.415442140625 0.812816916015625 0.42582723828125 0.809646447265625 0.439994072265625
0 0.806590052734375 0.41938681640625 0.806406140625 0.4159251171875 0.80320085546875 0.41097600390625 0.80268403125 0.41970880078125 0.80091493359375 0.4233314921875 0.80146657421875 0.433714642578125 0.799697474609375 0.437337333984375 0.800249115234375 0.447720484375 0.798480017578125 0.451343173828125 0.79991630859375 0.459916927734375 0.80415513671875 0.4473985 0.803419583984375 0.433553650390625 0.806590052734375 0.41938681640625