1 0.61296513671875 1 0.931891703125 0.956499056640625 0.96606643359375 0.495140177734375 0.943998837890625 0.27472234375 0.9312347578125 0.27549580078125 0.902273830078125 0.2529765 0.88800734375 0.209787765625 0.87240053125 0.192303048828125 0.86573166796875 0.146106630859375 0.83991759765625 0.154563552734375 0.83652125 0.169753453125 0.8250264765625 0.173296970703125 0.8250628984375 0.212553087890625 0.8050945546875 0.2202062578125 0.718355634765625 0.20268650390625 0.653819546875 0.17033565625 0.57839693359375 0.166964427734375 0.567169861328125 0.1439698828125 0.57394434765625 0.09396202734375 0.567453953125 0.030073564453125 0.561997408203125 0.02081471875 0.456255671875 0.016898357421875 0.17975848046875 0.054915087890625 0.180062603515625 0.067633138671875 0.165064037109375 0.0755845234375 0.15222893359375 0.104832060546875 0.139858212890625 0.10947754296875 0.13665854296875 0.12660345703125 0.129740189453125 0.126573162109375 0.123322638671875 0.1411969296875 0.080453982421875 0.1470911171875 0.072730703125 0.119688708984375 0.062111876953125 0.12213026171875 0.0552827578125 0.1132539453125 0.04437801953125 0.1226055078125 0.03969415625 0.11539728515625 0.02600131640625 0.16537484765625 0.0238742734375 0.18333480859375 0.032759412109375 0.202725244140625 0.034886455078125 0.184765283203125 0.070157490234375 0.181878779296875 0.07766587890625 0.1877171171875 0.0713375625 0.19349486328125 0.12804292578125 0.187661267578125 0.128418072265625 0.171905236328125 0.171286728515625 0.166011048828125 0.17536234765625 0.147783169921875 0.216282431640625 0.142156900390625 0.222628958984375 0.1560072109375 0.237538291015625 0.156901849609375 0.239790990234375 0.169351984375 0.253824376953125 0.171348587890625 0.25913469921875 0.22362096484375 0.257096890625 0.232734904296875 0.24472616796875 0.237380390625 0.24308171484375 0.250366357421875 0.230710994140625 0.25501184375 0.229263220703125 0.26993382421875 0.21864439453125 0.27237537890625 0.219252642578125 0.297811478515625 0.204933345703125 0.302724880859375 0.205237466796875 0.3154429296875 0.191990796875 0.3211903828125 0.193975794921875 0.360178580078125 0.18112248046875 0.369798060546875 0.19549823046875 0.530755138671875 0.185201740234375 0.565542798828125 0.186596701171875 0.598722955078125 0.17571017578125 0.62770257421875 0.18027020703125 0.71148701171875 0.169562146484375 0.722774587890625 0.168025140625 0.74654258984375 0.156548576171875 0.76971416796875 0.165952728515625 0.823386724609375 0.198346427734375 0.8699722421875 0.20304850390625 0.896808521484375 0.216903421875 0.91649716796875 0.22182038671875 0.96489751953125 0.20732262109375 0.987502966796875 0.190572158203125 0.997658279296875 0.1393191640625 0.998816095703125 0.138664650390625 1 0.61296513671875 1
0 0.4035411015625 1 0.40909851171875 0.9607415 0.409845162109375 0.715256822265625 0.430827859375 0.43558090625 0.434524689453125 0.2191364375 0.446857169921875 0.06824852734375 0.442816154296875 0.0187462109375 0.4263516015625 0.02199151953125 0.373077181640625 0.9951400625 0.37331174609375 1 0.4035411015625 1
0 0.59416009765625 1 0.59107723828125 0.495995921875 0.579917548828125 0.23055467578125 0.57401719140625 0.172474255859375 0.564756904296875 0.1688398515625 0.55787497265625 0.208065669921875 0.568786994140625 0.62665934765625 0.564500126953125 0.837295775390625 0.575264642578125 1 0.59416009765625 1
0 0.67012383984375 0.20441044921875 0.677936353515625 0.222966837890625 0.692293892578125 0.364295859375 0.74227029296875 0.982657783203125 0.7548376953125 0.9799483125 0.758662001953125 0.90090024609375 0.71340770703125 0.43598896875 0.70763118359375 0.30133233203125 0.690968134765625 0.195655314453125 0.679562595703125 0.1903528125 0.67012383984375 0.20441044921875
0 0.8940351796875 0.40526458984375 0.934084775390625 0.72169921484375 0.945702005859375 0.77005994921875 0.9549728125 0.64490407421875 0.949760791015625 0.603723541015625 0.931185587890625 0.53757055859375 0.9317209921875 0.484494427734375 0.899199814453125 0.300512505859375 0.899538541015625 0.245500361328125 0.876494361328125 0.193703228515625 0.869182650390625 0.189800904296875 0.8653929453125 0.201118775390625 0.876425158203125 0.3291636171875 0.8940351796875 0.40526458984375
0 0.196009962890625 0.137092021484375 0.2095243359375 0.10480650390625 0.21288426171875 0.05036048828125 0.198368287109375 0.05333787890625 0.193917521484375 0.087321787109375 0.189663435546875 0.123241708984375 0.196009962890625 0.137092021484375
0 0.395214458984375 0.279506935546875 0.3992190546875 0.28975313671875 0.411786455078125 0.2870436640625 0.403884708984375 0.277333298828125 0.395214458984375 0.279506935546875
0 0.62605872265625 0.286046806640625 0.64164732421875 0.28390346484375 0.6508893984375 0.267909814453125 0.64883337890625 0.257395697265625 0.58492375 0.270109005859375 0.585907142578125 0.279789076171875 0.62605872265625 0.286046806640625
0 0.543216951171875 0.26799121875 0.440907640625 0.27224286328125 0.438977275390625 0.29213883984375 0.495682638671875 0.286305244140625 0.516151787109375 0.29330613671875 0.563400185546875 0.28190212109375 0.559198912109375 0.26971990625 0.543216951171875 0.26799121875
0 0.708357798828125 0.979468326171875 0.718887388671875 0.985872794921875 0.737300517578125 0.982359568359375 0.729792126953125 0.976521232421875 0.708357798828125 0.979468326171875
0 0.607031880859375 0.993400041015625 0.67630464453125 0.984856974609375 0.6755179296875 0.97711291796875 0.666454322265625 0.975414525390625 0.597664150390625 0.9789836015625 0.595626341796875 0.9880975390625 0.607031880859375 0.993400041015625
0 0.376384296875 0.98879618359375 0.372379703125 0.978549984375 0.3462615078125 0.97428885546875 0.23907165234375 0.969396267578125 0.218906630859375 0.975113423828125 0.220765970703125 0.983691529296875 0.2585756171875 0.9863451484375 0.26930188671875 0.994685630859375 0.376384296875 0.98879618359375
0 0.4280001171875 1 0.561624611328125 0.99375410546875 0.573798654296875 0.98717260546875 0.567845484375 0.977194322265625 0.53393298828125 0.974004865234375 0.40386103125 0.986981353515625 0.409826474609375 1 0.4280001171875 1
0 0.358681400390625 0.707568615234375 0.36570719921875 0.7183809453125 0.386658935546875 0.72040784765625 0.3824576640625 0.708225630859375 0.358681400390625 0.707568615234375
0 0.41032775390625 0.710282826171875 0.416585046875 0.73297916015625 0.509240716796875 0.721221080078125 0.49509988671875 0.708442439453125 0.429420150390625 0.703731623046875 0.41032775390625 0.710282826171875
0 0.30934966796875 0.15389890625 0.3116023671875 0.1663490390625 0.4135183203125 0.158225365234375 0.423547109375 0.14997576953125 0.396159611328125 0.142944580078125 0.30934966796875 0.15389890625
0 0.53822714453125 0.141078638671875 0.441960236328125 0.146462544921875 0.441871001953125 0.155308568359375 0.45307986328125 0.1586750546875 0.5361001015625 0.159038599609375 0.559965595703125 0.15084959375 0.55830293359375 0.14420750390625 0.53822714453125 0.141078638671875
0 0.305758458984375 0.2741391015625 0.30343473828125 0.290163048828125 0.3171822109375 0.29906966015625 0.33082223828125 0.29719423828125 0.333431873046875 0.274260283203125 0.305758458984375 0.2741391015625
0 0.574159236328125 0.11552609765625 0.563717478515625 0.02087842578125 0.55250035546875 0.0204629765625 0.552062029296875 0.034152919921875 0.559858150390625 0.14006755859375 0.56833172265625 0.135957908203125 0.574159236328125 0.11552609765625
0 0.28770044921875 0.1352819296875 0.290078802734375 0.178142154296875 0.27184596484375 0.27094964453125 0.27190059765625 0.329833818359375 0.2569566640625 0.396669373046875 0.264627130859375 0.472173919921875 0.26058793359375 0.529657912109375 0.24970140625 0.558637533203125 0.249559361328125 0.61558569140625 0.225659265625 0.691504890625 0.226285720703125 0.736569048828125 0.20996503515625 0.789852505859375 0.209484265625 0.90181280859375 0.218083494140625 0.928113251953125 0.226467830078125 0.932849625 0.241714068359375 0.77174580859375 0.2570331484375 0.68915422265625 0.25908734765625 0.59268203125 0.287365365234375 0.404266693359375 0.288651060546875 0.31967850390625 0.308348064453125 0.124590779296875 0.320593130859375 0.08953519921875 0.32005590625 0.035625021484375 0.3025187265625 0.038036279296875 0.30028423828125 0.045214205078125 0.300123982421875 0.082534306640625 0.28770044921875 0.1352819296875