1 1 0.430055486328125 0.93823968359375 0.082828720703125 0.91229484765625 0.075464791015625 0.825972103515625 0.07734282421875 0.76115507421875 0.056447494140625 0.66470434375 0.04582512109375 0.558281634765625 0.056400103515625 0.541149169921875 0.070641990234375 0.375652041015625 0.10317341796875 0.251736333984375 0.14787430859375 0.166278537109375 0.165501958984375 0.153158791015625 0.191096390625 0.127291955078125 0.200581341796875 0.11243018359375 0.216496431640625 0.08691175390625 0.227917251953125 0.047420759765625 0.227363 0.006343751953125 0.250827171875 0.00559119921875 0.251604001953125 0.01198557421875 0.539350857421875 0.03659952734375 0.67611538671875 0.098202912109375 0.662739017578125 0.17857851953125 0.67159099609375 0.25634716015625 0.655014017578125 0.303347046875 0.664459609375 0.46499959765625 0.632453517578125 0.474689046875 0.6479890625 0.471168615234375 0.69409004296875 0.479902986328125 0.698846978515625 0.496080369140625 0.67382648046875 0.549736326171875 0.654593908203125 0.564429958984375 0.626800939453125 0.729050013671875 0.600339787109375 0.7916084765625 0.59774202734375 0.817823716796875 0.590192943359375 0.83233708203125 0.572341986328125 0.8816197890625 0.561640890625 1 0.552183412109375 1 0.430055486328125
0 0.158215052734375 0.525612857421875 0.165994341796875 0.519591181640625 0.16741221875 0.48369487890625 0.011159087890625 0.502158912109375 0.011980076171875 0.53910346875 0.01221121484375 0.540604591796875 0.02715098828125 0.541538388671875 0.158215052734375 0.525612857421875
0 0.450775658203125 0.44398346484375 0.177462201171875 0.47934640234375 0.18739779296875 0.523608712890625 0.392734322265625 0.493567404296875 0.49024239453125 0.48817749609375 0.49594338671875 0.448720720703125 0.493414421875 0.440140646484375 0.450775658203125 0.44398346484375
0 0.5072188515625 0.440237841796875 0.513399998046875 0.480054478515625 0.520999021484375 0.4839748125 0.997468447265625 0.41192636328125 0.987971392578125 0.364628919921875 0.5072188515625 0.440237841796875
0 0.52979403515625 0.379632306640625 0.581167169921875 0.380546419921875 0.853435412109375 0.339375876953125 0.888204755859375 0.346525740234375 0.89834487109375 0.3372062578125 0.98170011328125 0.329783287109375 0.972034919921875 0.270607962890625 0.862722712890625 0.292486892578125 0.822174373046875 0.307944923828125 0.43072420703125 0.365400861328125 0.00999659765625 0.44984686328125 0.01071159765625 0.48202186328125 0.115612673828125 0.46399601171875 0.122424755859375 0.469015615234375 0.149865474609375 0.457332125 0.1874341796875 0.458149044921875 0.205611857421875 0.449714763671875 0.214346228515625 0.45447169921875 0.239864658203125 0.443050876953125 0.314305259765625 0.44081298046875 0.34577082421875 0.418662146484375 0.52979403515625 0.379632306640625
0 0.498832884765625 0.437416775390625 0.4971203515625 0.531865869140625 0.5019737578125 0.602607806640625 0.51411416796875 0.60987454296875 0.522950798828125 0.587840583984375 0.520355958984375 0.540591736328125 0.50712871875 0.44520884765625 0.498832884765625 0.437416775390625
0 0.467324037109375 0.69461537890625 0.474394388671875 0.70654185546875 0.486018255859375 0.69999484375 0.492145658203125 0.6793228203125 0.499018384765625 0.575242978515625 0.486980234375 0.5411853515625 0.479729615234375 0.539200884765625 0.47614330859375 0.54663309375 0.48031203515625 0.591683404296875 0.467324037109375 0.69461537890625
0 0.2331358125 0.602648373046875 0.29202996484375 0.590633939453125 0.47516397265625 0.579494259765625 0.477705064453125 0.5662544453125 0.471163384765625 0.546321828125 0.30042805859375 0.5716351171875 0.25253896875 0.5900796875 0.22685240234375 0.58962262890625 0.22291769140625 0.59511896875 0.2331358125 0.602648373046875
0 1 0.476283734375 0.5231431953125 0.556078685546875 0.527930724609375 0.588151849609375 0.5702210859375 0.582373162109375 0.58892743359375 0.565932736328125 0.60622803515625 0.563568728515625 0.623348369140625 0.57114673046875 0.8935261875 0.518360974609375 1 0.508174943359375 1 0.476283734375
0 0.164264447265625 0.488091951171875 0.165297533203125 0.5157194453125 0.17643434765625 0.599487125 0.182369353515625 0.610577 0.19835433984375 0.617318400390625 0.202120916015625 0.59994418359375 0.171695333984375 0.480134408203125 0.164264447265625 0.488091951171875
0 0.025540716796875 0.60919658984375 0.02763114453125 0.62081180078125 0.165597421875 0.604934869140625 0.15363727734375 0.58772612109375 0.127602306640625 0.5853331953125 0.025540716796875 0.60919658984375