1 0.351700158203125 0.865482689453125 0.365774025390625 0.82617440625 0.34698933984375 0.82562680078125 0.3210292421875 0.8437642734375 0.3030881640625 0.883569314453125 0.305857736328125 0.902950630859375 0.32603230078125 0.9270041953125 0.402837880859375 0.954638705078125 0.4887499296875 0.956432109375 0.574379927734375 0.942472083984375 0.64894947265625 0.89934033984375 0.662200109375 0.874940609375 0.657768796875 0.84393050390625 0.637037767578125 0.809093025390625 0.595042177734375 0.790803009765625 0.616604078125 0.831454880859375 0.612747056640625 0.859582236328125 0.602255798828125 0.87573268359375 0.474919904296875 0.907879076171875 0.3685665234375 0.907724576171875 0.355300599609375 0.890678404296875 0.351700158203125 0.865482689453125
1 0.389490447265625 0.716547732421875 0.400004626953125 0.762566134765625 0.375708818359375 0.799240048828125 0.4348248046875 0.799541228515625 0.542278375 0.7867253046875 0.590613412109375 0.76670055078125 0.605520697265625 0.7401143125 0.599689314453125 0.657967646484375 0.591395884765625 0.641269595703125 0.56819007421875 0.637342482421875 0.553280240234375 0.657021072265625 0.531733626953125 0.657815099609375 0.494728359375 0.68822675390625 0.48561169921875 0.6864372578125 0.46294961328125 0.658755810546875 0.406608294921875 0.69165124609375 0.389490447265625 0.716547732421875
1 0.26361251171875 0.207710908203125 0.271080162109375 0.232409861328125 0.284343537109375 0.2425483828125 0.29015963671875 0.283249150390625 0.2907441171875 0.370017212890625 0.286879455078125 0.37742162109375 0.27196198046875 0.376377259765625 0.27417508984375 0.384974662109375 0.292682818359375 0.38358413671875 0.307110060546875 0.553443486328125 0.315690638671875 0.599710267578125 0.3220453671875 0.6028413984375 0.317906294921875 0.615215322265625 0.3264715859375 0.620036203125 0.3184653046875 0.63290688671875 0.320963013671875 0.664165373046875 0.33782428125 0.692591955078125 0.362686740234375 0.694332556640625 0.386441369140625 0.6883206328125 0.4488426328125 0.60826464453125 0.4504483359375 0.467925130859375 0.4045193046875 0.27053296875 0.365006138671875 0.242055537109375 0.32327731640625 0.19807305078125 0.324651912109375 0.180133109375 0.290106142578125 0.138188498046875 0.2793379296875 0.1524008125 0.2834973828125 0.195288087890625 0.277145201171875 0.199064609375 0.26995959765625 0.1901190859375 0.26361251171875 0.207710908203125
0 0.453989322265625 0.752892111328125 0.4262544375 0.750245466796875 0.39961122265625 0.7504842890625 0.419545994140625 0.7647573515625 0.4580731640625 0.766781515625 0.484247259765625 0.76562991796875 0.50896866796875 0.7669208671875 0.5458486875 0.755682111328125 0.57168346875 0.74829770703125 0.5626018984375 0.745031318359375 0.544351333984375 0.747119083984375 0.516738654296875 0.751500904296875 0.491579986328125 0.755541841796875 0.453989322265625 0.752892111328125
0 0.516947171875 0.731904806640625 0.56967734765625 0.71894978515625 0.52217641015625 0.722832994140625 0.458779873046875 0.725799458984375 0.439582763671875 0.732011490234375 0.4787623359375 0.736809779296875 0.516947171875 0.731904806640625
0 0.38410096875 0.635674580078125 0.40451837890625 0.642577005859375 0.4014035234375 0.631486193359375 0.38410096875 0.635674580078125
0 0.37399313671875 0.6098759296875 0.416172990234375 0.616957275390625 0.40277387890625 0.60279601171875 0.37399313671875 0.6098759296875
0 0.39523353125 0.5689898359375 0.41983625 0.566046640625 0.41430628125 0.56039177734375 0.396116515625 0.561058556640625 0.376151888671875 0.54897422265625 0.372215283203125 0.5560543125 0.39523353125 0.5689898359375
0 0.414916443359375 0.539265779296875 0.4015816015625 0.533835837890625 0.381790412109375 0.528380619140625 0.37841166015625 0.53128966015625 0.394483048828125 0.53921022265625 0.414916443359375 0.539265779296875
0 0.423222064453125 0.512615693359375 0.406999322265625 0.504021802734375 0.385835783203125 0.494130310546875 0.37710135546875 0.502594470703125 0.3965040703125 0.510085140625 0.423222064453125 0.512615693359375
0 0.403439232421875 0.469145791015625 0.420108814453125 0.46842362109375 0.3997180546875 0.46263094140625 0.38668612890625 0.456868005859375 0.3735581015625 0.462434654296875 0.384485458984375 0.46402511328125 0.403439232421875 0.469145791015625
0 0.41994523046875 0.4443219765625 0.39138380078125 0.43110966796875 0.368631861328125 0.432439451171875 0.380389822265625 0.439125908203125 0.399962216796875 0.4423059140625 0.41994523046875 0.4443219765625
0 0.38744231640625 0.279634544921875 0.385918787109375 0.27425057421875 0.376119408203125 0.27212048046875 0.357699232421875 0.272718171875 0.359369767578125 0.278979322265625 0.38744231640625 0.279634544921875
0 0.389845271484375 0.305641322265625 0.39076550390625 0.298342765625 0.3743406015625 0.298117703125 0.351114267578125 0.29921433984375 0.35706971484375 0.307281685546875 0.389845271484375 0.305641322265625
0 0.371708025390625 0.32737266015625 0.37788473828125 0.32943716796875 0.381572427734375 0.322296287109375 0.36859773828125 0.32117803125 0.371708025390625 0.32737266015625
0 0.36087770703125 0.361943853515625 0.378234439453125 0.36383937109375 0.3930895625 0.365095033203125 0.394536966796875 0.364806478515625 0.389955009765625 0.35901996875 0.3773053359375 0.35532571875 0.357777125 0.353598607421875 0.36087770703125 0.361943853515625
0 0.40286000390625 0.392129140625 0.40076599609375 0.384392765625 0.383535849609375 0.38117833984375 0.367220857421875 0.383114185546875 0.3840443828125 0.3893394296875 0.40286000390625 0.392129140625
0 0.39301712109375 0.41510427734375 0.394020794921875 0.414590478515625 0.391757138671875 0.4067555 0.378190171875 0.40784492578125 0.37694803125 0.414172318359375 0.39301712109375 0.41510427734375