1 0.6171875 0.5908203125 0.619140625 0.5732421875 0.6044921875 0.564453125 0.654296875 0.5595703125 0.638671875 0.5517578125 0.65625 0.5419921875 0.640625 0.5361328125 0.654296875 0.5283203125 0.64453125 0.5205078125 0.6484375 0.5029296875 0.6982421875 0.498046875 0.703125 0.4775390625 0.716796875 0.4677734375 0.728515625 0.4404296875 0.783203125 0.3955078125 0.79296875 0.3662109375 0.8212890625 0.3515625 0.8388671875 0.33203125 0.8740234375 0.326171875 0.875 0.3134765625 0.8466796875 0.2890625 0.8056640625 0.275390625 0.7353515625 0.265625 0.7216796875 0.251953125 0.7001953125 0.251953125 0.6748046875 0.22265625 0.6416015625 0.208984375 0.6298828125 0.19140625 0.5751953125 0.16796875 0.546875 0.1943359375 0.54296875 0.2099609375 0.53515625 0.3173828125 0.54296875 0.4072265625 0.5390625 0.4501953125 0.546875 0.4580078125 0.5390625 0.4658203125 0.55859375 0.4716796875 0.5703125 0.5556640625 0.5849609375 0.576171875
0 0.4833984375 0.517361328125 0.4853515625 0.513888671875 0.4931640625 0.513888671875 0.49609375 0.5086796875 0.49609375 0.505208984375 0.4912109375 0.49652734375 0.4892578125 0.49652734375 0.4873046875 0.5 0.4794921875 0.5 0.4775390625 0.50347265625 0.4482421875 0.50347265625 0.4462890625 0.5069453125 0.4384765625 0.5069453125 0.4326171875 0.513888671875 0.4287109375 0.513888671875 0.427734375 0.515625 0.4306640625 0.520833984375 0.4365234375 0.520833984375 0.4384765625 0.517361328125 0.4423828125 0.520833984375 0.4482421875 0.520833984375 0.4501953125 0.517361328125
0 0.453125 0.4461796875 0.4619140625 0.4618046875 0.4697265625 0.46527734375 0.474609375 0.4600703125 0.474609375 0.45659765625 0.4599609375 0.4305546875 0.455078125 0.432291015625
0 0.4765625 0.407986328125 0.4765625 0.411458984375 0.4814453125 0.423611328125 0.4853515625 0.423611328125 0.4921875 0.411458984375 0.4873046875 0.40277734375 0.4794921875 0.40277734375
0 0.609375 0.380208984375 0.6005859375 0.364583984375 0.5927734375 0.357638671875 0.58984375 0.36284765625 0.6015625 0.390625 0.607421875 0.4149296875 0.6142578125 0.416666015625 0.6171875 0.411458984375 0.615234375 0.407986328125 0.615234375 0.401041015625
0 0.484375 0.48090234375 0.482421875 0.494791015625 0.4873046875 0.49652734375 0.4892578125 0.5 0.4931640625 0.5 0.49609375 0.48090234375 0.4912109375 0.47222265625 0.4892578125 0.47222265625
0 0.4384765625 0.4756953125 0.4365234375 0.479166015625 0.4169921875 0.482638671875 0.4169921875 0.49652734375 0.4326171875 0.4930546875 0.4384765625 0.486111328125 0.45703125 0.484375 0.4560546875 0.479166015625 0.4521484375 0.479166015625 0.4501953125 0.4756953125
0 0.60546875 0.7413203125 0.6025390625 0.736111328125 0.5810546875 0.736111328125 0.580078125 0.73784765625 0.5830078125 0.7430546875
0 0.720703125 0.963541015625 0.72265625 0.970486328125 0.7294921875 0.982638671875 0.73046875 0.973958984375 0.7265625 0.967013671875 0.7265625 0.963541015625 0.7216796875 0.958333984375
0 0.2880859375 0.708333984375 0.2880859375 0.71527734375 0.310546875 0.713541015625 0.3095703125 0.708333984375
0 0.25390625 0.703125 0.2509765625 0.701388671875 0.2373046875 0.71527734375 0.2294921875 0.71875 0.224609375 0.7274296875 0.2255859375 0.729166015625 0.2333984375 0.7256953125 0.2392578125 0.71875 0.2431640625 0.71875 0.2470703125 0.7118046875 0.2529296875 0.708333984375
0 0.245810546875 0.741353515625 0.25 0.734375 0.25390625 0.7274296875 0.25390625 0.720486328125 0.255859375 0.717013671875 0.2529296875 0.7118046875 0.24609375 0.7274296875 0.24609375 0.73090234375 0.2412109375 0.732638671875 0.23828125 0.73784765625 0.23828125 0.7413203125 0.232421875 0.751736328125 0.2333984375 0.763888671875 0.2353515625 0.763888671875 0.2392578125 0.7569453125 0.2451171875 0.7569453125 0.238888671875 0.75079296875
0 0.0615234375 0.81597265625 0.072265625 0.814236328125 0.0673828125 0.80902734375 0.0654296875 0.8125 0.0576171875 0.8125 0.0576171875 0.8194453125
0 0.1279296875 0.763888671875 0.125 0.7586796875 0.125 0.755208984375 0.1201171875 0.75 0.1123046875 0.75 0.1123046875 0.7569453125 0.1162109375 0.7569453125 0.1240234375 0.770833984375 0.1279296875 0.7743046875 0.140625 0.7725703125 0.1376953125 0.767361328125 0.1318359375 0.767361328125
0 0 0.751736328125 0.0029296875 0.75347265625 0.0068359375 0.7430546875 0.0126953125 0.7430546875 0.013671875 0.73784765625 0.0107421875 0.732638671875 0.0009765625 0.7256953125 0 0.734375 0.0029296875 0.736111328125 0.00390625 0.7413203125 0 0.744791015625
0 0.0361328125 0.84722265625 0.0380859375 0.84722265625 0.041015625 0.842013671875 0.0361328125 0.829861328125 0.0263671875 0.829861328125 0.025390625 0.8350703125
0 0.0703125 0.814236328125 0.0576171875 0.8125 0.0576171875 0.81597265625
0 0.0693359375 0.826388671875 0.0693359375 0.833333984375 0.076171875 0.83159765625 0.0751953125 0.826388671875
0 0.080078125 0.907986328125 0.0732421875 0.895833984375 0.0712890625 0.895833984375 0.0703125 0.901041015625 0.064453125 0.907986328125 0.064453125 0.911458984375 0.0673828125 0.9131953125 0.0712890625 0.923611328125 0.0732421875 0.923611328125 0.080078125 0.9149296875
0 0.05859375 0.60590234375 0.0615234375 0.611111328125 0.0634765625 0.611111328125 0.068359375 0.60590234375 0.068359375 0.598958984375 0.0673828125 0.59722265625 0.0595703125 0.604166015625
0 0.5595703125 0.982638671875 0.568359375 0.970486328125 0.5615234375 0.96875 0.5576171875 0.9756953125 0.5517578125 0.979166015625 0.5517578125 0.982638671875
0 0.4892578125 0.6944453125 0.48828125 0.6961796875 0.4931640625 0.704861328125 0.4951171875 0.704861328125 0.5107421875 0.732638671875 0.515625 0.73090234375 0.515625 0.7274296875 0.5029296875 0.708333984375
0 0.3701171875 0.451388671875 0.3828125 0.44965234375 0.3828125 0.442708984375 0.3779296875 0.4375 0.3662109375 0.4375 0.36328125 0.442708984375
0 0.353515625 0.4913203125 0.353515625 0.51215234375 0.3515625 0.515625 0.3525390625 0.5243046875 0.3544921875 0.5243046875 0.359375 0.515625 0.359375 0.498263671875 0.3544921875 0.489583984375