1 0.103515625 0.0888671875 0.099609375 0.1064453125 0.1064453125 0.126953125 0.1103515625 0.109375 0.1455078125 0.111328125 0.15234375 0.1181640625 0.1455078125 0.123046875 0.2021484375 0.125 0.2041015625 0.109375 0.2470703125 0.109375 0.2529296875 0.091796875 0.2939453125 0.091796875 0.298828125 0.1064453125 0.3134765625 0.109375 0.314453125 0.1220703125 0.328125 0.1259765625 0.328125 0.1787109375 0.3251953125 0.1875 0.3125 0.1904296875 0.3095703125 0.203125 0.296875 0.2060546875 0.2939453125 0.220703125 0.283203125 0.2216796875 0.28125 0.2470703125 0.2666015625 0.25 0.265625 0.2626953125 0.251953125 0.2666015625 0.25 0.3056640625 0.236328125 0.3134765625 0.234375 0.4755859375 0.220703125 0.5087890625 0.21875 0.5419921875 0.205078125 0.5693359375 0.201171875 0.6533203125 0.189453125 0.6630859375 0.185546875 0.6865234375 0.171875 0.7080078125 0.17578125 0.7626953125 0.203125 0.8134765625 0.205078125 0.8408203125 0.216796875 0.8623046875 0.216796875 0.9111328125 0.2001953125 0.931640625 0.1826171875 0.939453125 0.1318359375 0.93359375 0.11328125 0.9599609375 0.1015625 0.9990234375 0.9990234375 1 1 0.3232421875 0.9873046875 0.322265625 0.9609375 0.2958984375 0.951171875 0.2509765625 0.9375 0.2314453125 0.935546875 0.1845703125 0.9091796875 0.189453125 0.904296875 0.2041015625 0.892578125 0.2060546875 0.888671875 0.2451171875 0.8681640625 0.25 0.7841796875 0.220703125 0.7236328125 0.1796875 0.6494140625 0.166015625 0.640625 0.1416015625 0.65234375 0.0927734375 0.65234375 0.0283203125 0.6396484375 0 0.2666015625 0 0.265625 0.0126953125 0.25 0.0185546875 0.234375 0.0458984375 0.2216796875 0.048828125 0.216796875 0.0654296875 0.2099609375 0.064453125 0.2021484375 0.078125 0.1591796875 0.078125 0.154296875 0.0498046875 0.1435546875 0.05078125 0.1376953125 0.041015625 0.1259765625 0.048828125 0.1220703125 0.041015625
0 0.5302734375 0 0.513671875 0.0009765625 0.36328125 0.9619140625 0.361328125 0.9990234375 0.3857421875 1 0.40234375 0.9326171875 0.427734375 0.6884765625 0.4765625 0.4130859375 0.501953125 0.1982421875 0.529296875 0.0498046875
0 0.59375 0.6220703125 0.568359375 0.8310546875 0.5625 0.9990234375 0.5810546875 1 0.62890625 0.4951171875 0.64453125 0.2294921875 0.64453125 0.1708984375 0.6357421875 0.166015625 0.625 0.2041015625
0 0.7578125 0.2099609375 0.7470703125 0.203125 0.736328125 0.2158203125 0.7421875 0.2353515625 0.7421875 0.3779296875 0.7294921875 1 0.7421875 0.9990234375 0.75390625 0.9208984375 0.755859375 0.4521484375 0.763671875 0.3173828125
0 0.974609375 0.9541015625 0.9765625 0.8115234375 0.97265625 0.6513671875 0.9609375 0.5830078125 0.966796875 0.5302734375 0.953125 0.3427734375 0.958984375 0.2880859375 0.94140625 0.2333984375 0.9345703125 0.228515625 0.9296875 0.2392578125 0.927734375 0.3681640625 0.9375 0.4462890625 0.9453125 0.7666015625 0.953125 0.8251953125 0.951171875 0.9794921875 0.953125 0.9990234375 0.9619140625 1
0 0.2744140625 0.083984375 0.291015625 0.0537109375 0.2998046875 0 0.28515625 0.0009765625 0.27734375 0.0341796875 0.26953125 0.0693359375
0 0.45703125 0.2529296875 0.4599609375 0.263671875 0.47265625 0.2626953125 0.4658203125 0.251953125
0 0.6845703125 0.291015625 0.7001953125 0.291015625 0.7109375 0.2763671875 0.7099609375 0.265625 0.6455078125 0.26953125 0.6455078125 0.279296875
0 0.4990234375 0.271484375 0.5556640625 0.2734375 0.5751953125 0.283203125 0.623046875 0.2783203125 0.6201171875 0.265625 0.6044921875 0.26171875 0.5029296875 0.251953125
0 0.6962890625 0.9921875 0.7060546875 1 0.724609375 0.9990234375 0.7177734375 0.9921875
0 0.5947265625 0.9921875 0.6640625 0.9931640625 0.6640625 0.9853515625 0.6552734375 0.982421875 0.5869140625 0.9765625 0.583984375 0.9853515625
0 0.212890625 0.9208984375 0.2138671875 0.9296875 0.2509765625 0.9375 0.2607421875 0.947265625 0.3671875 0.9560546875 0.3642578125 0.9453125 0.3388671875 0.9375 0.2333984375 0.91796875
0 0.5498046875 0.986328125 0.5625 0.9814453125 0.5576171875 0.970703125 0.5244140625 0.962890625 0.39453125 0.9580078125 0.3994140625 0.97265625
0 0.3779296875 0.673828125 0.3837890625 0.685546875 0.404296875 0.6904296875 0.4013671875 0.677734375
0 0.5126953125 0.693359375 0.4482421875 0.6796875 0.4287109375 0.68359375 0.4326171875 0.70703125 0.525390625 0.7080078125
0 0.498046875 0.1279296875 0.4716796875 0.1171875 0.384765625 0.1162109375 0.3857421875 0.12890625 0.4873046875 0.134765625
0 0.515625 0.1357421875 0.5263671875 0.140625 0.6083984375 0.15234375 0.6328125 0.1474609375 0.6318359375 0.140625 0.6123046875 0.134765625 0.5166015625 0.126953125
0 0.3916015625 0.26171875 0.396484375 0.2392578125 0.369140625 0.2353515625 0.365234375 0.2509765625 0.3779296875 0.26171875
0 0.642578125 0.1337890625 0.650390625 0.1142578125 0.6494140625 0 0.640625 0.0009765625 0.63671875 0.0302734375 0.6337890625 0.13671875
0 0.224609375 0.8798828125 0.255859375 0.7216796875 0.279296875 0.6416015625 0.291015625 0.5458984375 0.337890625 0.3623046875 0.34765625 0.2783203125 0.38671875 0.0869140625 0.40234375 0.0537109375 0.4072265625 0 0.3896484375 0 0.38671875 0.0068359375 0.3828125 0.0439453125 0.365234375 0.0947265625 0.36328125 0.1376953125 0.3359375 0.2275390625 0.330078125 0.2861328125 0.30859375 0.3505859375 0.30859375 0.4267578125 0.298828125 0.4833984375 0.28515625 0.5107421875 0.279296875 0.5673828125 0.248046875 0.6396484375 0.244140625 0.6845703125 0.22265625 0.7353515625 0.2109375 0.8466796875 0.216796875 0.8740234375