1 0.0078125 0.7060546875 0.0556640625 0.681640625 0.0771484375 0.685546875 0.1083984375 0.6796875 0.1591796875 0.654296875 0.1884765625 0.6484375 0.2431640625 0.6484375 0.2724609375 0.677734375 0.2783203125 0.677734375 0.3037109375 0.6640625 0.3759765625 0.650390625 0.4033203125 0.63671875 0.4892578125 0.611328125 0.5146484375 0.59375 0.5537109375 0.58203125 0.5771484375 0.548828125 0.6220703125 0.51953125 0.6474609375 0.521484375 0.6943359375 0.48046875 0.7216796875 0.466796875 0.7314453125 0.46484375 0.7451171875 0.470703125 0.7802734375 0.462890625 0.8056640625 0.435546875 0.8740234375 0.4140625 0.9345703125 0.404296875 0.9697265625 0.392578125 0.9990234375 0.390625 1 0.3134765625 0.9912109375 0.30859375 0.9794921875 0.314453125 0.9658203125 0.3125 0.9462890625 0.318359375 0.9482421875 0.32421875 0.9365234375 0.3203125 0.9345703125 0.328125 0.9287109375 0.322265625 0.9169921875 0.328125 0.8798828125 0.328125 0.8115234375 0.34765625 0.8017578125 0.341796875 0.7841796875 0.34375 0.7470703125 0.365234375 0.7080078125 0.373046875 0.6337890625 0.3203125 0.6025390625 0.30859375 0.5751953125 0.306640625 0.53515625 0.3310546875 0.51171875 0.3779296875 0.4970703125 0.427734375 0.4423828125 0.443359375 0.2431640625 0.484375 0.1337890625 0.513671875 0.0810546875 0.515625 0.0009765625 0.5390625 0 0.7060546875
0 0.56640625 0.5185546875 0.578125 0.5087890625 0.580078125 0.4423828125 0.58984375 0.4072265625 0.58984375 0.3701171875 0.5849609375 0.359375 0.576171875 0.3779296875 0.556640625 0.5107421875 0.5595703125 0.517578125
0 0.6875 0.4541015625 0.69140625 0.4501953125 0.689453125 0.4287109375 0.6806640625 0.423828125 0.681640625 0.4521484375
0 0.10546875 0.6279296875 0.119140625 0.6123046875 0.119140625 0.5966796875 0.1005859375 0.58984375 0.09375 0.6201171875 0.0966796875 0.62890625
0 0.478515625 0.5439453125 0.486328125 0.5087890625 0.4833984375 0.48046875 0.47265625 0.4892578125 0.46875 0.5244140625 0.46875 0.5419921875
0 0.19140625 0.6083984375 0.205078125 0.5908203125 0.20703125 0.5615234375 0.2021484375 0.546875 0.1923828125 0.548828125 0.1875 0.5556640625 0.177734375 0.6025390625 0.1806640625 0.609375
0 0.619140625 0.4990234375 0.625 0.4931640625 0.634765625 0.4189453125 0.63671875 0.3857421875 0.6318359375 0.37890625 0.625 0.3837890625 0.6171875 0.4423828125 0.611328125 0.4501953125 0.615234375 0.4580078125 0.609375 0.4970703125
0 0.77734375 0.4482421875 0.80078125 0.4326171875 0.8046875 0.4130859375 0.8046875 0.3896484375 0.7841796875 0.3828125 0.77734375 0.3876953125 0.76953125 0.4326171875 0.76953125 0.4462890625
0 0.44140625 0.6083984375 0.447265625 0.5986328125 0.4609375 0.4970703125 0.466796875 0.4873046875 0.462890625 0.4619140625 0.4580078125 0.45703125 0.453125 0.4619140625 0.4453125 0.5302734375 0.439453125 0.5400390625 0.4375 0.6083984375
0 0.5390625 0.5380859375 0.546875 0.5263671875 0.552734375 0.4970703125 0.55078125 0.4560546875 0.5625 0.4208984375 0.5615234375 0.373046875 0.5537109375 0.373046875 0.548828125 0.3818359375 0.546875 0.4482421875 0.533203125 0.4951171875 0.537109375 0.5029296875 0.533203125 0.5302734375
0 0.271484375 0.6103515625 0.2890625 0.5439453125 0.294921875 0.4970703125 0.2900390625 0.490234375 0.271484375 0.5107421875 0.26171875 0.5849609375 0.265625 0.6064453125
0 0.01953125 0.6552734375 0.03125 0.6396484375 0.0390625 0.6064453125 0.04296875 0.5498046875 0.0380859375 0.544921875 0.02734375 0.5498046875 0.009765625 0.6318359375 0.009765625 0.6474609375
0 0.36328125 0.6064453125 0.375 0.5751953125 0.388671875 0.5576171875 0.3896484375 0.47265625 0.376953125 0.4775390625 0.369140625 0.5087890625 0.357421875 0.5947265625 0.357421875 0.6044921875