1 1 0.3567797278645833 0.9962604088541666 0.35821044531249996 0.9828675872395833 0.3549381263020834 0.962830859375 0.35887224999999995 0.9641608138020833 0.36489383333333336 0.95291457421875 0.35986734505208334 0.9501555208333333 0.3674533268229167 0.94494071484375 0.36105220703125 0.9326736901041667 0.36574540755208335 0.8957676041666667 0.36213980078124997 0.8257411380208333 0.37493726953125 0.8166414817708333 0.36815661197916666 0.7989554934895833 0.3683926315104167 0.7598036796875 0.38617033984375 0.7201385390625 0.39015071484374997 0.6518386106770834 0.33045317838541666 0.6219847434895833 0.31575325 0.5949949427083333 0.3111525481770833 0.55262325390625 0.33156151171875 0.524414375 0.37593879296875005 0.50464017578125 0.4240859427083334 0.4486190026041667 0.43432391796875 0.24620429427083335 0.4557901940104167 0.13436610416666667 0.47432220833333333 0.08171645703125001 0.47114238802083336 0 0.48661850130208334 0 0.6492375247395833 0.03911156640625 0.6339101106770834 0.06006993229166666 0.6398854440104167 0.09176121354166666 0.6370899309895833 0.14491832161458332 0.6167527278645833 0.17466717708333335 0.6137674466145834 0.22905509244791666 0.6190809739583333 0.2551291197916667 0.65108657421875 0.26095639583333335 0.6516558802083333 0.28763702864583335 0.6405153098958333 0.360935875 0.63392919140625 0.38955893359375 0.622978390625 0.47767970182291664 0.6060570247395833 0.5047686484375 0.5910285794270833 0.5448421028645833 0.5831603294270834 0.5716218815104167 0.5523906119791667 0.61936002734375 0.5275962265624999 0.6444074023437499 0.5320071588541667 0.6953129166666666 0.4957389153645833 0.7239359739583334 0.4847881145833333 0.7338522591145833 0.48379301953125003 0.7468367669270833 0.49095321614583337 0.7826170559895833 0.4865933033854167 0.8107267890625001 0.4618451666666667 0.8809574127604166 0.4471037591145834 0.9421933919270833 0.44326690234375005 0.9783819947916667 0.43501911588541664 1 0.43568414322916665 1 0.3567797278645833
0 0.5990490416666666 0.41268861458333334 0.60292802734375 0.37575379427083333 0.599194828125 0.36458771484374997 0.5885144192708334 0.3822011640625 0.5552074778645834 0.51249125 0.5574065651041666 0.5195796861979166 0.5641029765625 0.5212158463541666 0.57677831640625 0.51263476953125 0.5856620846354167 0.44673065104166665 0.5990490416666666 0.41268861458333334
0 0.6958670169270834 0.443750140625 0.6876364947916667 0.43803633463541664 0.6856474283854167 0.4663183190104167 0.6912705481770834 0.4688315638020833 0.6955637135416667 0.4653232252604167 0.6958670169270834 0.443750140625
0 0.09425773958333333 0.5852909244791666 0.10948797656249999 0.5710678033854167 0.11112123307291666 0.55551630078125 0.09338274088541666 0.54690971484375 0.08341981510416667 0.5763765598958334 0.08541474609375 0.58540893359375 0.09425773958333333 0.5852909244791666
0 0.4740397825520833 0.5379474401041667 0.4854843138020833 0.5037156354166666 0.4855309544270833 0.4752438828125 0.47392890625 0.482947875 0.46636922656249996 0.5175592174479167 0.4645318125 0.5350546588541667 0.4740397825520833 0.5379474401041667
0 0.18896404296875 0.5150061549479167 0.18339342838541664 0.5213355143229167 0.16878152864583332 0.5670411796875 0.17098061718750002 0.5741296145833333 0.18176603645833334 0.5742013736979167 0.19720042968749998 0.5580343151041667 0.20220521354166665 0.529065015625 0.198880328125 0.5140110598958333 0.18896404296875 0.5150061549479167
0 0.64249988671875 0.42871692447916665 0.647912984375 0.3958597486979167 0.6437714700520833 0.3885815455729167 0.6364625872395834 0.3927771979166667 0.6225681705729167 0.45033625911458336 0.615924265625 0.45754270312499995 0.61899248828125 0.46569799348958335 0.6090820677083334 0.5040074440104166 0.6185900390625 0.5069002252604167 0.6250297864583333 0.50163771875 0.64249988671875 0.42871692447916665
0 0.7948723502604166 0.4072713893229167 0.78756346875 0.41146704166666664 0.7750981510416667 0.4554185377604167 0.7736690507812499 0.4690261028645833 0.7812345963541666 0.47172911458333333 0.8061769609375 0.4584548385416667 0.8121033828124999 0.4393949973958333 0.81455326953125 0.41606774348958336 0.7948723502604166 0.4072713893229167
0 0.46145772395833334 0.4895850130208333 0.4683057864583333 0.4804346302083333 0.4670749791666667 0.4547838997395834 0.46272930729166667 0.44944963411458333 0.4573628502604166 0.4538350572916667 0.4424476484375 0.5211138059895833 0.4355995859375 0.5302641888020834 0.42651165885416664 0.59811224609375 0.43039651041666666 0.5984917825520834 0.4372445729166667 0.5893413997395833 0.46145772395833334 0.4895850130208333
0 0.5348674466145833 0.5379984609375 0.5438620924479166 0.5270939088541667 0.5527517265625 0.49850414713541663 0.5550966015625 0.45749168359375 0.5704259830729167 0.4236394153645833 0.57445662109375 0.3759180533854167 0.56668691796875 0.37515897786458335 0.5609121471354167 0.38343227604166663 0.55202837890625 0.44933639453125 0.5335316276041667 0.49466252213541667 0.5365998502604167 0.5028178098958334 0.5298567994791666 0.5296534036458334 0.5348674466145833 0.5379984609375
0 0.25414324348958334 0.557705796875 0.25578236588541664 0.57946865234375 0.261201328125 0.5839258333333334 0.28562450130208333 0.5195398658854167 0.29635155078125003 0.4734546640625 0.2922100364583333 0.4661764596354167 0.27161334375 0.4847850026041667 0.25414324348958334 0.557705796875
0 0 0.5983373958333333 0.005932813802083333 0.6041562265625 0.019220625 0.5897433372395834 0.03046099869791667 0.5574554687500001 0.040266407552083334 0.50146080859375 0.035920736979166666 0.4961265416666667 0.02472700260416667 0.49994265755208334 0 0.5758016276041666 0 0.5983373958333333
0 0.37997499609375 0.4619855755208333 0.36893877864583335 0.49232950520833335 0.3483013111979167 0.5767241588541666 0.3472805247395833 0.58644384765625 0.35290364453124995 0.5889570911458334 0.3678247122395833 0.55899269921875 0.38325910546874997 0.5428256406249999 0.39311115494791665 0.45835922786458333 0.37997499609375 0.4619855755208333