1 1 0.42954672916666664 0.9844968098958334 0.43129329817708334 0.9860351953125001 0.43741958723958335 0.9746047578125 0.4314532395833333 0.9721038177083333 0.43879818098958334 0.9666636158854166 0.4319660846354167 0.9545456380208334 0.43562204427083334 0.91747837109375 0.42891686718750005 0.8478214856770833 0.43580983854166666 0.8384794661458334 0.42827193359375 0.8207837786458333 0.42702025781249997 0.78220392578125 0.44148415625 0.74263571875 0.44212392057291666 0.67221389453125 0.37675310546875 0.6418244010416666 0.3595598723958333 0.6146491861979166 0.35269475260416666 0.57293670703125 0.36951598697916666 0.5462256145833333 0.41146821223958335 0.5280873515625 0.4578952005208334 0.4723618424479166 0.46340957682291667 0.27048148177083337 0.46782705078125003 0.15916797265625002 0.47693134375 0.10635592838541667 0.46932739453125 0.02478233984375 0.47794512760416663 0.03316272265625 0.6395667864583333 0.06930595052083334 0.6283188645833333 0.09049093229166666 0.6360497317708333 0.12211799739583333 0.6359228138020833 0.17462922656250002 0.6200803203124999 0.20430538151041666 0.6196004986979167 0.2589308268229167 0.6294818125 0.28613184375 0.6636422955729167 0.29198456901041664 0.6647010078125 0.3183089375 0.65581753125 0.39145511848958336 0.6554037526041666 0.4197303958333333 0.6468731783854167 0.5073579830729167 0.6373829596354167 0.5339573671875 0.6246505598958333 0.5738005911458334 0.6201618736979166 0.59954912890625 0.5916808776041667 0.6464826484375 0.5709307499999999 0.6717069544270834 0.57744296484375 0.7214164283854166 0.5454989713541667 0.74969170703125 0.5369683997395833 0.7595837591145833 0.5368084583333333 0.7728275963541668 0.5450521705729167 0.8084939856770833 0.5437065989583333 0.83578091015625 0.5213518919270833 0.9055753033854167 0.5125344583333333 0.9667410143229166 0.5138521770833333 1 0.50904536328125 1 0.42954672916666664
0 0.6221993502604167 0.45445129817708335 0.6248119973958334 0.41788653124999997 0.6206910182291666 0.40641973177083335 0.61060560546875 0.42311404817708337 0.58174598828125 0.5504483854166666 0.58419107421875 0.5577133580729167 0.5909505013020834 0.5599107526041667 0.6033434921874999 0.5524058697916666 0.6099696666666666 0.48732708333333336 0.6221993502604167 0.45445129817708335
0 0.7201831132812501 0.49361848307291667 0.71174779296875 0.48721926171875 0.7107293854166666 0.5153004036458334 0.7164446028645833 0.518283578125 0.7206214361979167 0.5151404635416666 0.7201831132812501 0.49361848307291667
0 0.12283558984375 0.5843952291666666 0.13759201302083332 0.5714698671875 0.13869207552083332 0.5560741744791667 0.12063971875 0.5459859700520834 0.11168016796875001 0.5745799583333333 0.11398774609375001 0.5837693919270833 0.12283558984375 0.5843952291666666
0 0.50137200390625 0.5690480664062499 0.5116507786458333 0.5358193776041666 0.5107182799479166 0.5073853307291667 0.49936949609375003 0.5141044348958334 0.4929925377604167 0.5480389322916667 0.4917549674479167 0.5653590859375001 0.50137200390625 0.5690480664062499
0 0.2152200950520833 0.5221587721354167 0.209861546875 0.5280121276041666 0.19680681640625 0.5724346809895834 0.19925190104166668 0.57969965234375 0.21005065364583334 0.58067839453125 0.2249445859375 0.5658285703125 0.22895811067708335 0.5373145520833333 0.2251121471354167 0.5219988307291666 0.2152200950520833 0.5221587721354167
0 0.6662452057291667 0.4741148606770833 0.6705337473958334 0.4417519205729166 0.6661377526041666 0.4341340455729166 0.6589658020833333 0.43771003515625 0.64703693359375 0.49403226302083336 0.64063417578125 0.5006713958333333 0.6439859622395833 0.5090750507812499 0.6353830807291666 0.54650556640625 0.6450001158854167 0.5501945481770834 0.6512653671875 0.5454798763020833 0.6662452057291667 0.4741148606770833
0 0.8180336236979167 0.46550948828125 0.810861671875 0.46908547656250005 0.7998953580729166 0.5119364739583333 0.7989328033854166 0.5254077031250001 0.8065989309895834 0.5287437825520833 0.8311098997395834 0.5175829388020833 0.8363867942708333 0.4990441328125 0.8380368880208334 0.4759505950520833 0.8180336236979167 0.46550948828125
0 0.48711401171875 0.51968485546875 0.49365427734375 0.5111212604166667 0.49154006119791666 0.4853974544270833 0.48700655859374997 0.47970404036458336 0.4817855169270833 0.48363293359375 0.4691691080729166 0.54957746875 0.46262884374999996 0.5581410625 0.45586516276041666 0.6251443098958334 0.4597669791666667 0.6258501184895834 0.4663072447916667 0.6172865234375 0.48711401171875 0.51968485546875
0 0.5622626992187499 0.5742147096354167 0.5708913815104167 0.5640795572916667 0.5788067252604167 0.5362713489583334 0.5797434791666667 0.49550475390625 0.5939240729166667 0.4629818723958334 0.5963175598958333 0.41565611458333335 0.5885139244791667 0.4142444973958333 0.5830178671875 0.4220223138020833 0.5763916940104167 0.4871010989583333 0.55943514453125 0.5308178450520834 0.5627869309895833 0.5392214986979167 0.5569600052083333 0.5654581510416666 0.5622626992187499 0.5742147096354167
0 0.28193346484375 0.5702894049479167 0.28432269661458337 0.5921642877604166 0.28990040755208335 0.5970719244791667 0.3121338502604167 0.53481637109375 0.32128676432291664 0.4896880091145834 0.31689076953125 0.48207013281250005 0.29691330338541666 0.49892438932291666 0.28193346484375 0.5702894049479167
0 0.0478760078125 0.5825316419270833 0.05801727473958334 0.5512274140625 0.06590681901041666 0.49612383984374997 0.061373316406249996 0.49043042708333334 0.05029954947916667 0.4933006080729167 0.029216566406250002 0.5634623645833333 0.030658678385416666 0.5912745026041667 0.03507049348958333 0.5958099101562501 0.0478760078125 0.5825316419270833
0 0.40460001171875 0.4852653658854167 0.39459625260416664 0.5146451328125 0.37684045703125 0.5972040117187499 0.37615291796875 0.6068263190104167 0.38186813541666664 0.6098094934895834 0.3957737135416666 0.5811355338541667 0.4106676458333333 0.5662857096354167 0.41762468880208337 0.4827480885416667 0.40460001171875 0.4852653658854167