1 0.59375 0.994140625 0 0.9934895833333334 0 0.0006510416666666666 0.7415364583333334 0.0013020833333333333 0.7063802083333334 0.23567708333333334 0.6881510416666666 0.41796875 0.6764322916666666 0.4947916666666667 0.6868489583333334 0.703125 0.654296875 0.7578125 0.6595052083333334 0.8138020833333334 0.634765625 0.82421875 0.6165364583333334 0.87109375
0 0.423828125 0.2802734375 0.43359375 0.1826171875 0.4306640625 0.1484375 0.423828125 0.1552734375 0.4140625 0.2041015625 0.4140625 0.2607421875 0.41796875 0.2783203125
0 0.50390625 0.0576171875 0.50390625 0.0400390625 0.4599609375 0 0.412109375 0.0009765625 0.4775390625 0.05078125 0.4912109375 0.05859375
0 0.208984375 0.3857421875 0.21875 0.2861328125 0.2314453125 0.005859375 0.2939453125 0.033203125 0.322265625 0.0537109375 0.314453125 0.0908203125 0.3359375 0.1103515625 0.33203125 0.2080078125 0.3427734375 0.28125 0.3505859375 0.11328125 0.4736328125 0.16015625 0.5615234375 0.203125 0.5849609375 0.236328125 0.6435546875 0.2734375 0.65234375 0.2646484375 0.6328125 0.2431640625 0.6318359375 0.234375 0.6416015625 0.234375 0.6865234375 0.265625 0.6923828125 0.265625 0.693359375 0.2607421875 0.6689453125 0.234375 0.6416015625 0.216796875 0.6279296875 0.212890625 0.6220703125 0.205078125 0.5966796875 0.201171875 0.5810546875 0.189453125 0.5380859375 0.15625 0.515625 0.1259765625 0.4990234375 0.11328125 0.4248046875 0.076171875 0.4150390625 0.064453125 0.3701171875 0.03515625 0.3251953125 0.013671875 0.3095703125 0 0.2177734375 0 0.208984375 0.0478515625 0.193359375 0.3779296875 0.2001953125 0.38671875
0 0.28125 0.5322265625 0.28515625 0.5283203125 0.28515625 0.4794921875 0.2783203125 0.474609375 0.271484375 0.4873046875 0.271484375 0.5283203125
0 0.201171875 0.5537109375 0.205078125 0.5478515625 0.2099609375 0.4296875 0.3134765625 0.421875 0.30859375 0.4853515625 0.310546875 0.5087890625 0.3212890625 0.51953125 0.3291015625 0.41796875 0.5849609375 0.392578125 0.6845703125 0.37890625 0.689453125 0.3701171875 0.6845703125 0.365234375 0.6728515625 0.365234375 0.6552734375 0.369140625 0.451171875 0.3720703125 0.4931640625 0.361328125 0.5517578125 0.359375 0.6083984375 0.3515625 0.61328125 0.3466796875 0.615234375 0.3388671875 0.6083984375 0.33203125 0.5791015625 0.330078125 0.3427734375 0.33984375 0.330078125 0.3505859375 0.33203125 0.3759765625 0.3154296875 0.380859375 0.3037109375 0.376953125 0.2900390625 0.3828125 0.1513671875 0.392578125 0.0791015625 0.392578125 0.0244140625 0.38671875 0 0.3896484375 0.0009765625 0.439453125 0.0654296875 0.44140625 0.1884765625 0.43359375 0.19140625 0.5361328125 0.1953125 0.5517578125
0 0.005859375 0.6787109375 0.4267578125 0.5234375 0.6591796875 0.431640625 0.666015625 0.4228515625 0.6591796875 0.419921875 0.6513671875 0.427734375 0.6455078125 0.423828125 0.6298828125 0.431640625 0.6064453125 0.43359375 0.5439453125 0.451171875 0.4345703125 0.490234375 0.3212890625 0.5234375 0.3037109375 0.533203125 0.2685546875 0.541015625 0.2314453125 0.55859375 0.2001953125 0.560546875 0.1435546875 0.58203125 0.1298828125 0.58203125 0.0009765625 0.623046875 0 0.6787109375
0 0.037109375 0.8408203125 0.1435546875 0.787109375 0.3251953125 0.685546875 0.3486328125 0.66796875 0.4599609375 0.609375 0.5869140625 0.53125 0.5986328125 0.517578125 0.6181640625 0.513671875 0.6552734375 0.486328125 0.66015625 0.4755859375 0.6494140625 0.4765625 0.6083984375 0.501953125 0.5810546875 0.49609375 0.5654296875 0.5 0.5654296875 0.494140625 0.603515625 0.4677734375 0.603515625 0.4599609375 0.5947265625 0.45703125 0.5185546875 0.494140625 0.4482421875 0.51953125 0.4306640625 0.533203125 0.2880859375 0.595703125 0.283203125 0.6025390625 0.283203125 0.6220703125 0.2919921875 0.626953125 0.3095703125 0.625 0.3173828125 0.615234375 0.4326171875 0.5625 0.5458984375 0.501953125 0.5556640625 0.501953125 0.5576171875 0.509765625 0.5703125 0.5146484375 0.5576171875 0.52734375 0.4345703125 0.59375 0.2822265625 0.6640625 0.2568359375 0.685546875 0.2138671875 0.705078125 0.1240234375 0.76171875 0.0341796875 0.80859375 0.025390625 0.8271484375 0.02734375 0.8408203125
0 0.15234375 0.9990234375 0.2470703125 0.921875 0.2685546875 0.89453125 0.3095703125 0.87109375 0.4345703125 0.751953125 0.4951171875 0.701171875 0.54296875 0.6533203125 0.5390625 0.6455078125 0.5439453125 0.638671875 0.5771484375 0.62890625 0.6552734375 0.560546875 0.66796875 0.5478515625 0.673828125 0.5283203125 0.6689453125 0.52734375 0.6064453125 0.583984375 0.5966796875 0.57421875 0.5791015625 0.580078125 0.3037109375 0.79296875 0.294921875 0.8037109375 0.296875 0.8369140625 0.1279296875 0.970703125 0.1015625 0.9970703125
0 0.013671875 0.3369140625 0.021484375 0.3173828125 0.0234375 0.2001953125 0.03125 0.1123046875 0.037109375 0.0927734375 0.0400390625 0 0.015625 0.0009765625 0.009765625 0.0537109375 0 0.3291015625 0.0087890625 0.337890625
0 0.19140625 0.9072265625 0.197265625 0.8779296875 0.197265625 0.7900390625 0.1953125 0.7685546875 0.1884765625 0.765625 0.18359375 0.7724609375 0.181640625 0.8369140625 0.173828125 0.8798828125 0.181640625 0.9052734375
0 0.560546875 0.7763671875 0.623046875 0.6943359375 0.640625 0.6630859375 0.6396484375 0.654296875 0.630859375 0.6572265625 0.6015625 0.7041015625 0.5703125 0.7314453125 0.556640625 0.7685546875 0.556640625 0.7763671875
0 0.291015625 0.9990234375 0.4296875 0.8505859375 0.44921875 0.8271484375 0.4580078125 0.802734375 0.4404296875 0.806640625 0.4248046875 0.818359375 0.3828125 0.8701171875 0.3154296875 0.9375 0.2919921875 0.953125 0.251953125 0.9990234375