1 0.404296875 0.7080078125 0.4091796875 0.701171875 0.419921875 0.7001953125 0.423828125 0.6689453125 0.4443359375 0.6640625 0.46484375 0.6474609375 0.474609375 0.6103515625 0.482421875 0.6044921875 0.48046875 0.4736328125 0.474609375 0.4560546875 0.4638671875 0.455078125 0.4521484375 0.47265625 0.4345703125 0.48046875 0.4111328125 0.474609375 0.404296875 0.4580078125 0.3916015625 0.451171875 0.3779296875 0.45703125 0.375 0.4697265625 0.3681640625 0.474609375 0.3447265625 0.46484375 0.3251953125 0.4765625 0.3134765625 0.4765625 0.3095703125 0.482421875 0.2529296875 0.484375 0.2451171875 0.4921875 0.2275390625 0.48828125 0.22265625 0.5009765625 0.224609375 0.5224609375 0.25 0.5478515625 0.251953125 0.6083984375 0.263671875 0.6123046875 0.271484375 0.7041015625 0.2763671875 0.70703125 0.28125 0.7021484375 0.28515625 0.6748046875 0.2998046875 0.666015625 0.3408203125 0.666015625 0.3564453125 0.669921875 0.365234375 0.6845703125 0.375 0.6904296875 0.3779296875 0.703125
1 0.76171875 0.6083984375 0.8056640625 0.59375 0.810546875 0.5888671875 0.80859375 0.5810546875 0.7998046875 0.572265625 0.7646484375 0.55859375 0.7490234375 0.533203125 0.7041015625 0.52734375 0.693359375 0.5068359375 0.6826171875 0.498046875 0.6513671875 0.48828125 0.6376953125 0.4921875 0.6201171875 0.486328125 0.61328125 0.4912109375 0.61328125 0.5771484375 0.6279296875 0.6015625 0.6376953125 0.603515625 0.6435546875 0.591796875 0.6650390625 0.591796875 0.6748046875 0.583984375 0.6845703125 0.583984375 0.6904296875 0.576171875 0.7197265625 0.576171875 0.7333984375 0.578125 0.736328125 0.5908203125 0.7490234375 0.59375 0.751953125 0.6064453125
1 0.953125 0.7392578125 0.9697265625 0.734375 0.9873046875 0.71875 1 0.7177734375 1 0.6630859375 0.9775390625 0.6640625 0.9267578125 0.64453125 0.9130859375 0.650390625 0.91015625 0.6591796875 0.93359375 0.6884765625 0.927734375 0.7314453125
1 0.873046875 0.9365234375 0.9033203125 0.93359375 0.9091796875 0.92578125 0.9287109375 0.92578125 0.9365234375 0.9296875 0.9404296875 0.923828125 0.9521484375 0.921875 0.9951171875 0.892578125 1 0.8876953125 1 0.8173828125 0.9873046875 0.81640625 0.9775390625 0.810546875 0.9658203125 0.814453125 0.9501953125 0.810546875 0.94140625 0.8271484375 0.9267578125 0.841796875 0.9189453125 0.8359375 0.9111328125 0.837890625 0.8994140625 0.845703125 0.8896484375 0.859375 0.8798828125 0.86328125 0.83984375 0.9033203125 0.841796875 0.9111328125 0.859375 0.9248046875 0.86328125 0.9345703125
0 0.27734375 0.7060546875 0.28125 0.6689453125 0.265625 0.5146484375 0.26171875 0.4912109375 0.2568359375 0.48828125 0.25 0.4951171875 0.26171875 0.5634765625 0.259765625 0.5966796875 0.265625 0.6025390625 0.271484375 0.6494140625 0.271484375 0.7021484375
0 0.39453125 0.7021484375 0.39453125 0.6337890625 0.478515625 0.6025390625 0.478515625 0.5185546875 0.4736328125 0.48046875 0.46875 0.4873046875 0.470703125 0.5927734375 0.4423828125 0.6015625 0.4326171875 0.609375 0.4072265625 0.611328125 0.3974609375 0.6171875 0.392578125 0.6044921875 0.390625 0.5302734375 0.4072265625 0.517578125 0.4482421875 0.50390625 0.451171875 0.4970703125 0.3955078125 0.513671875 0.388671875 0.4990234375 0.388671875 0.4560546875 0.3837890625 0.455078125 0.376953125 0.4638671875 0.376953125 0.5263671875 0.330078125 0.5595703125 0.3310546875 0.564453125 0.3505859375 0.55078125 0.376953125 0.5478515625 0.37890625 0.6220703125 0.3564453125 0.626953125 0.3447265625 0.63671875 0.3134765625 0.642578125 0.2998046875 0.6484375 0.296875 0.6552734375 0.3798828125 0.638671875 0.38671875 0.6962890625 0.3896484375 0.703125
0 0.564453125 0.4775390625 0.5654296875 0.35546875 0.55859375 0.3642578125 0.556640625 0.4326171875 0.55859375 0.4775390625
0 0.791015625 0.5947265625 0.8046875 0.5869140625 0.7822265625 0.58203125 0.78125 0.5751953125 0.7666015625 0.5703125 0.7548828125 0.5546875 0.7412109375 0.55859375 0.7236328125 0.548828125 0.7138671875 0.53515625 0.6962890625 0.53515625 0.6904296875 0.51953125 0.6591796875 0.513671875 0.6298828125 0.48828125 0.6181640625 0.48828125 0.61328125 0.4931640625 0.6220703125 0.51171875 0.6796875 0.5361328125 0.6220703125 0.5546875 0.6171875 0.5576171875 0.6181640625 0.564453125 0.6943359375 0.546875 0.7529296875 0.576171875 0.7685546875 0.58984375
0 0.87109375 0.9404296875 0.875 0.9365234375 0.875 0.9326171875 0.876953125 0.9306640625 0.876953125 0.9208984375 0.87890625 0.9189453125 0.87890625 0.9072265625 0.876953125 0.9033203125 0.87890625 0.9013671875 0.87890625 0.8837890625 0.880859375 0.8818359375 0.8798828125 0.869140625 0.8740234375 0.869140625 0.8671875 0.8818359375 0.8671875 0.8994140625 0.865234375 0.9013671875 0.865234375 0.9267578125 0.86328125 0.9287109375 0.86328125 0.9384765625 0.8662109375 0.94140625
0 0.904296875 0.9306640625 0.908203125 0.9228515625 0.908203125 0.8974609375 0.91015625 0.8955078125 0.91015625 0.8857421875 0.912109375 0.8837890625 0.912109375 0.8740234375 0.9140625 0.8720703125 0.9140625 0.8525390625 0.916015625 0.8505859375 0.916015625 0.8408203125 0.9130859375 0.837890625 0.9072265625 0.83984375 0.900390625 0.8505859375 0.900390625 0.8837890625 0.8984375 0.8857421875 0.8984375 0.9130859375 0.896484375 0.9150390625 0.896484375 0.9287109375 0.8994140625 0.931640625
0 0.935546875 0.9365234375 0.943359375 0.8798828125 0.9560546875 0.8671875 0.9706920021835703 0.8572612179877664 0.96484375 0.8720703125 0.966796875 0.8740234375 0.96484375 0.9052734375 0.9677734375 0.90625 0.970703125 0.9033203125 0.97265625 0.8857421875 0.9765625 0.8798828125 0.978515625 0.8525390625 0.982421875 0.8447265625 0.984375 0.8154296875 0.9814453125 0.8125 0.9765625 0.8134765625 0.97265625 0.8486328125 0.9560273452195309 0.8588641744627711 0.9450288420075115 0.8705428064372963 0.94921875 0.8369140625 0.953125 0.8115234375 0.9501953125 0.810546875 0.9453125 0.8173828125 0.939453125 0.8486328125 0.939453125 0.8642578125 0.937467371049248 0.8792445252339313 0.9264688678372285 0.8785575468824888 0.9223444291327212 0.8872592656791237 0.9150120796727214 0.8934420708421076 0.9111167624664778 0.9009988327079768 0.9331137688905168 0.8900071790848942 0.931640625 0.9091796875 0.927734375 0.9208984375 0.9296875 0.9365234375
0 1 0.7177734375 1 0.7158203125 0.9970703125 0.712890625 0.9912109375 0.7109375 0.9873046875 0.70703125 0.9833984375 0.70703125 0.9755859375 0.701171875 0.9716796875 0.69921875 0.9677734375 0.69921875 0.9638671875 0.6953125 0.9482421875 0.6875 0.9443359375 0.6875 0.9365234375 0.68359375 0.935546875 0.6845703125 0.935546875 0.6865234375 0.9384765625 0.689453125 0.9619140625 0.701171875 0.9755859375 0.7109375 0.9794921875 0.712890625 0.9833984375 0.712890625 0.9853515625 0.71484375 0.9912109375 0.71484375 0.9990234375 0.71875