1 0.037109375 0.5107421875 0.0361328125 0.51953125 0.0712890625 0.525390625 0.0830078125 0.533203125 0.1376953125 0.544921875 0.1630859375 0.556640625 0.1787109375 0.556640625 0.1904296875 0.56640625 0.2392578125 0.58203125 0.2978515625 0.59765625 0.3173828125 0.59765625 0.3251953125 0.58984375 0.3505859375 0.599609375 0.4091796875 0.60546875 0.4189453125 0.61328125 0.4296875 0.6103515625 0.4189453125 0.609375 0.4111328125 0.59375 0.4189453125 0.59375 0.4326171875 0.576171875 0.4501953125 0.578125 0.4638671875 0.56640625 0.4892578125 0.576171875 0.5087890625 0.572265625 0.5263671875 0.576171875 0.5341796875 0.568359375 0.5693359375 0.560546875 0.6044921875 0.544921875 0.6591796875 0.544921875 0.6728515625 0.552734375 0.6826171875 0.55078125 0.6923828125 0.556640625 0.7314453125 0.5625 0.73828125 0.5673828125 0.7392578125 0.576171875 0.7626953125 0.578125 0.7841796875 0.58984375 0.8037109375 0.587890625 0.8125 0.5810546875 0.8037109375 0.5703125 0.6865234375 0.529296875 0.669921875 0.5185546875 0.671875 0.5107421875 0.6806640625 0.50390625 0.7099609375 0.505859375 0.7216796875 0.5 0.7412109375 0.5 0.7607421875 0.48828125 0.7939453125 0.48828125 0.8134765625 0.48046875 0.8583984375 0.484375 0.8701171875 0.494140625 0.8935546875 0.49609375 0.9287109375 0.513671875 0.9697265625 0.505859375 0.9833984375 0.498046875 0.9990234375 0.5 1 0.2431640625 0.9580078125 0.244140625 0.9052734375 0.259765625 0.8564453125 0.2578125 0.8212890625 0.263671875 0.7666015625 0.28125 0.7509765625 0.28125 0.7255859375 0.296875 0.7041015625 0.30078125 0.6826171875 0.3125 0.6025390625 0.32421875 0.5654296875 0.33984375 0.5458984375 0.33984375 0.5048828125 0.353515625 0.4833984375 0.353515625 0.4501953125 0.376953125 0.4169921875 0.3828125 0.3544921875 0.40625 0.3330078125 0.408203125 0.3369140625 0.419921875 0.3935546875 0.4375 0.4111328125 0.4375 0.421875 0.4443359375 0.421875 0.4580078125 0.3974609375 0.474609375 0.3623046875 0.482421875 0.3154296875 0.4765625 0.2626953125 0.49609375 0.2294921875 0.49609375 0.1630859375 0.4765625 0.1044921875 0.4765625 0.0576171875 0.4921875
0 0.3779296875 0.400390625 0.4013671875 0.416015625 0.5966796875 0.478515625 0.6552734375 0.501953125 0.681640625 0.5009765625 0.6767578125 0.4921875 0.6650390625 0.486328125 0.4560546875 0.419921875 0.4033203125 0.396484375
0 0.4248046875 0.3828125 0.421875 0.3857421875 0.4267578125 0.390625 0.4560546875 0.40234375 0.4912109375 0.408203125 0.6083984375 0.453125 0.6337890625 0.455078125 0.6650390625 0.470703125 0.6904296875 0.47265625 0.7197265625 0.484375 0.748046875 0.4853515625 0.7373046875 0.47265625 0.5869140625 0.421875 0.5068359375 0.400390625 0.4931640625 0.392578125 0.4638671875 0.39453125 0.4423828125 0.37890625
0 0.3818359375 0.478515625 0.3916015625 0.490234375 0.4541015625 0.509765625 0.4931640625 0.5390625 0.5185546875 0.54296875 0.52734375 0.5341796875 0.521484375 0.5244140625 0.525390625 0.5205078125 0.5087890625 0.51171875 0.4716796875 0.50390625 0.3935546875 0.4765625
0 0.5205078125 0.359375 0.5458984375 0.373046875 0.5751953125 0.376953125 0.5966796875 0.390625 0.6240234375 0.39453125 0.6650390625 0.416015625 0.7041015625 0.423828125 0.7255859375 0.439453125 0.7919921875 0.44921875 0.8935546875 0.478515625 0.9189453125 0.4921875 0.9423828125 0.490234375 0.9619140625 0.50390625 0.97265625 0.4990234375 0.97265625 0.4931640625 0.9580078125 0.482421875 0.8876953125 0.46484375 0.8388671875 0.443359375 0.7275390625 0.416015625 0.5927734375 0.37109375 0.5732421875 0.369140625 0.5556640625 0.359375
0 0.4111328125 0.46875 0.40625 0.4736328125 0.4091796875 0.4765625 0.4638671875 0.49609375 0.4873046875 0.501953125 0.5224609375 0.501953125 0.6064453125 0.521484375 0.7568359375 0.56640625 0.7919921875 0.58203125 0.806640625 0.5810546875 0.7880859375 0.564453125 0.6884765625 0.53125 0.6611328125 0.513671875 0.6181640625 0.501953125 0.5283203125 0.4921875 0.4501953125 0.47265625 0.4384765625 0.46484375
0 0.5732421875 0.33984375 0.5771484375 0.34765625 0.6142578125 0.36328125 0.8076171875 0.421875 0.8388671875 0.42578125 0.849609375 0.4345703125 0.8486328125 0.443359375 0.875 0.4404296875 0.875 0.4326171875 0.8583984375 0.421875 0.7021484375 0.373046875 0.6767578125 0.369140625 0.6513671875 0.357421875 0.6142578125 0.3515625 0.5947265625 0.33984375
0 0.5947265625 0.328125 0.591796875 0.3330078125 0.5986328125 0.337890625 0.6103515625 0.337890625 0.6318359375 0.34765625 0.6669921875 0.34765625 0.7080078125 0.37109375 0.7626953125 0.392578125 0.8193359375 0.3984375 0.8310546875 0.40625 0.8759765625 0.408203125 0.8935546875 0.421875 0.9189453125 0.427734375 0.927734375 0.4208984375 0.9091796875 0.41015625 0.8056640625 0.384765625 0.7529296875 0.365234375 0.7236328125 0.36328125 0.6728515625 0.33984375 0.6474609375 0.337890625 0.6259765625 0.32421875
0 0.6533203125 0.31640625 0.65234375 0.3232421875 0.6650390625 0.3359375 0.6708984375 0.3359375 0.6748046875 0.328125 0.6826171875 0.333984375 0.7216796875 0.33984375 0.7685546875 0.35546875 0.8037109375 0.37890625 0.8466796875 0.384765625 0.8720703125 0.3984375 0.8779296875 0.392578125 0.8896484375 0.404296875 0.9052734375 0.40625 0.9091796875 0.40234375 0.9326171875 0.412109375 0.955078125 0.4091796875 0.9541015625 0.404296875 0.8564453125 0.376953125 0.7373046875 0.33203125 0.6923828125 0.32421875 0.6748046875 0.3125
0 0.6982421875 0.3046875 0.6982421875 0.310546875 0.7119140625 0.31640625 0.7451171875 0.328125 0.7822265625 0.330078125 0.8330078125 0.353515625 0.8525390625 0.35546875 0.8818359375 0.375 0.9033203125 0.380859375 0.9111328125 0.376953125 0.9189453125 0.384765625 0.9287109375 0.384765625 0.9501953125 0.396484375 0.974609375 0.3896484375 0.9345703125 0.37109375 0.7939453125 0.32421875 0.7451171875 0.31640625 0.7099609375 0.298828125
0 0.7529296875 0.28125 0.7529296875 0.291015625 0.7841796875 0.306640625 0.8154296875 0.3125 0.8662109375 0.333984375 0.8779296875 0.333984375 0.9306640625 0.361328125 1 0.3837890625 0.9970703125 0.369140625 0.9697265625 0.357421875
0 0.8173828125 0.265625 0.8173828125 0.2734375 0.9931640625 0.34375 1 0.3427734375 1 0.3310546875 0.9912109375 0.326171875 0.8994140625 0.29296875 0.8544921875 0.271484375
0 0.8720703125 0.2578125 0.869140625 0.2607421875 0.8740234375 0.267578125 0.9091796875 0.27734375 0.9482421875 0.294921875 0.9736328125 0.3125 0.9814453125 0.310546875 1 0.3212890625 1 0.2939453125 0.9912109375 0.2890625 0.9501953125 0.28125 0.8994140625 0.259765625
0 0.0146484375 0.5078125 0.013671875 0.5146484375 0.0224609375 0.51953125 0.3037109375 0.599609375 0.3134765625 0.599609375 0.3251953125 0.58984375 0.3330078125 0.595703125 0.3974609375 0.60546875 0.4150390625 0.61328125 0.470703125 0.6201171875 0.4072265625 0.599609375 0.392578125 0.5888671875 0.3955078125 0.58203125 0.4150390625 0.580078125 0.42578125 0.5712890625 0.412109375 0.5556640625 0.4326171875 0.552734375 0.4306640625 0.546875 0.3818359375 0.53515625 0.3701171875 0.5234375 0.3154296875 0.5078125 0.2705078125 0.50390625 0.2626953125 0.49609375 0.2236328125 0.4921875 0.1552734375 0.47265625 0.0966796875 0.4765625 0.0634765625 0.48828125 0.0419921875 0.50390625