1 0.84765625 0.7021484375 0.8544921875 0.701171875 0.86328125 0.6904296875 0.888671875 0.6064453125 0.88671875 0.5810546875 0.8720703125 0.572265625 0.8310546875 0.5703125 0.7958984375 0.576171875 0.7119140625 0.576171875 0.5615234375 0.5859375 0.53125 0.5771484375 0.53125 0.5400390625 0.51953125 0.5283203125 0.51953125 0.5029296875 0.513671875 0.4892578125 0.513671875 0.4775390625 0.53125 0.4541015625 0.53125 0.4287109375 0.5283203125 0.423828125 0.4892578125 0.421875 0.4755859375 0.416015625 0.466796875 0.4052734375 0.4609375 0.3720703125 0.4609375 0.3486328125 0.482421875 0.3291015625 0.482421875 0.3134765625 0.4716796875 0.3125 0.46875 0.3017578125 0.482421875 0.2939453125 0.490234375 0.2646484375 0.4921875 0.2353515625 0.4833984375 0.2265625 0.4384765625 0.224609375 0.4248046875 0.2265625 0.4189453125 0.232421875 0.3955078125 0.224609375 0.3525390625 0.228515625 0.2216796875 0.2265625 0.1728515625 0.23828125 0.1494140625 0.236328125 0.14453125 0.2412109375 0.1484375 0.2783203125 0.169921875 0.3349609375 0.17578125 0.3798828125 0.19921875 0.4384765625 0.2109375 0.4912109375 0.2265625 0.5185546875 0.232421875 0.5458984375 0.2548828125 0.58203125 0.2978515625 0.580078125 0.3056640625 0.587890625 0.3583984375 0.583984375 0.3896484375 0.59375 0.3935546875 0.599609375 0.4033203125 0.599609375 0.4091796875 0.609375 0.4208984375 0.609375 0.423828125 0.6181640625 0.4375 0.6259765625 0.4375 0.6494140625 0.4404296875 0.65625 0.4482421875 0.658203125 0.4892578125 0.66015625 0.5107421875 0.669921875 0.5439453125 0.669921875 0.5498046875 0.673828125 0.6201171875 0.666015625 0.6259765625 0.669921875 0.6318359375 0.666015625 0.6337890625 0.669921875 0.6572265625 0.669921875 0.6826171875 0.658203125 0.6884765625 0.662109375 0.7001953125 0.658203125 0.7197265625 0.669921875 0.7626953125 0.6796875 0.7685546875 0.689453125 0.7978515625 0.6953125 0.8251953125 0.693359375
0 0.455078125 0.2333984375 0.4833984375 0.232421875 0.484375 0.2275390625 0.4775390625 0.22265625 0.4521484375 0.22265625 0.4248046875 0.224609375 0.419921875 0.2314453125
0 0.1484375 0.2568359375 0.2333984375 0.2421875 0.41015625 0.2314453125 0.3876953125 0.22265625 0.3505859375 0.228515625 0.2314453125 0.224609375 0.1767578125 0.23828125 0.1455078125 0.236328125 0.142578125 0.2529296875
0 0.1875 0.3427734375 0.4248046875 0.328125 0.4580078125 0.3359375 0.4765625 0.3251953125 0.4658203125 0.31640625 0.4482421875 0.3125 0.4013671875 0.318359375 0.3798828125 0.328125 0.3583984375 0.3203125 0.3271484375 0.32421875 0.2958984375 0.3203125 0.1904296875 0.322265625 0.17578125 0.3291015625 0.17578125 0.3408203125
0 0.3203125 0.4443359375 0.5234375 0.4345703125 0.5146484375 0.42578125 0.4873046875 0.423828125 0.4794921875 0.416015625 0.4462890625 0.43359375 0.4306640625 0.427734375 0.4091796875 0.43359375 0.3623046875 0.427734375 0.283203125 0.4345703125 0.2880859375 0.439453125 0.3115234375 0.439453125 0.3134765625 0.4453125
0 0.244140625 0.3212890625 0.23828125 0.2841796875 0.2216796875 0.25 0.21875 0.2548828125 0.234375 0.3134765625 0.2392578125 0.322265625
0 0.296875 0.5009765625 0.291015625 0.4697265625 0.28515625 0.4658203125 0.2890625 0.4560546875 0.265625 0.3876953125 0.2578125 0.3486328125 0.2451171875 0.337890625 0.259765625 0.4169921875 0.265625 0.4267578125 0.263671875 0.4404296875 0.283203125 0.4716796875 0.2890625 0.5009765625
0 0.263671875 0.4482421875 0.2451171875 0.43359375 0.197265625 0.4365234375 0.2001953125 0.44921875
0 0.33203125 0.5185546875 0.3486328125 0.517578125 0.3515625 0.5126953125 0.3408203125 0.50390625 0.2958984375 0.501953125 0.265625 0.5146484375 0.2666015625 0.51953125
0 0.44921875 0.5927734375 0.5146484375 0.591796875 0.525390625 0.5810546875 0.5224609375 0.576171875 0.5126953125 0.580078125 0.4130859375 0.576171875 0.328125 0.5810546875 0.3564453125 0.58203125 0.3857421875 0.59375
0 0.609375 0.6474609375 0.7470703125 0.640625 0.7744140625 0.634765625 0.8720703125 0.63671875 0.8779296875 0.640625 0.8828125 0.6220703125 0.6728515625 0.634765625 0.5908203125 0.630859375 0.5556640625 0.6328125 0.546875 0.6376953125 0.5478515625 0.64453125 0.5595703125 0.6484375