1 0.5111453619791667 0.5237317877604167 0.53465058203125 0.48820128385416667 0.5608663098958333 0.4978993619791667 0.5711776354166667 0.49618563411458333 0.5943341484375 0.484384828125 0.60814019140625 0.463596734375 0.6301607291666667 0.45253953125 0.6408207630208334 0.42709610546875004 0.6520030963541666 0.34423587630208335 0.63880691015625 0.31258587109374997 0.6080465234375 0.2840399479166667 0.5867241653645833 0.26946001822916665 0.5292242252604167 0.24498830208333333 0.43677100130208335 0.23668215885416666 0.36861102734375 0.2376538671875 0.34388151041666665 0.2471270078125 0.3381148450520833 0.26768858203125 0.3641029127604167 0.31098805989583334 0.40347185026041665 0.34407595442708333 0.39726444921875 0.3995181536458334 0.4025347291666667 0.4300490013020833 0.3736145247395833 0.42078952864583336 0.3615324869791667 0.4436102604166667 0.32881087890625 0.41197534505208333 0.29099924479166667 0.40273087760416665 0.2973807799479167 0.35711966927083333 0.27642200651041665 0.28792836328125 0.26637183072916665 0.26093368880208334 0.24417541145833332 0.2402112200520833 0.20764835807291668 0.23222686848958332 0.16657664583333334 0.20539467447916668 0.08321121354166666 0.19113970182291665 0.05987958333333334 0.19298309765625 0.031572369791666666 0.34748545703125 0.07482923697916667 0.3896739986979167 0.14578651171874998 0.4170873190104167 0.16116708723958334 0.44227141015625 0.19612189843750003 0.46975035546875005 0.22723252083333334 0.5182111028645834 0.3462509440104167 0.5343078854166666 0.36897042578125 0.5194358098958333 0.38539865364583337 0.51707533203125 0.41982887500000005 0.53650430078125 0.4439477708333333 0.557647 0.45356015364583335 0.55974814453125 0.5111453619791667 0.5237317877604167
1 1 0.10189940885416666 0.8570852395833333 0.0706600546875 0.8472109440104166 0.07544505208333334 0.8309585989583333 0.10958520182291666 0.8251911679687499 0.108324515625 0.8218708059895833 0.11553403255208333 0.7991536132812499 0.19587288932291666 0.7950467486979167 0.20191857291666668 0.79041529296875 0.19991428255208332 0.7879689895833333 0.21326633854166666 0.7752113619791667 0.22833212239583334 0.772241234375 0.2554564635416667 0.7956627135416667 0.32405855338541667 0.7801961067708333 0.33754027604166664 0.76062187109375 0.33524542317708333 0.7444563203125 0.35254201953125003 0.7109032135416666 0.42654462760416667 0.7134378385416666 0.43999353776041666 0.7354591406250001 0.4507585950520833 0.7489172395833333 0.47552245833333334 0.7674430611979166 0.48353962109375 0.7898130716145834 0.47057498177083334 0.8481855455729167 0.45754471744791664 0.8878570794270834 0.42653987890625 0.9322483919270833 0.4243402955729167 1 0.40613989322916666 1 0.10189940885416666
1 1 0.47018942708333333 0.9743692838541667 0.46727244140624996 0.94273636328125 0.47622849869791667 0.9042868333333334 0.46782392057291666 0.8817417057291667 0.4708311471354167 0.8711684674479167 0.4794310182291666 0.86819833984375 0.506555359375 0.84914869140625 0.5123104817708334 0.8398865455729166 0.53012416015625 0.8457415338541666 0.5363635533854166 0.9016684687500001 0.5585076041666667 1 0.5817874921875 1 0.47018942708333333
0 0.5896120781249999 0.3901127916666667 0.5900506380208334 0.43682858203125 0.5950315638020833 0.43692543489583335 0.6032452955729167 0.42483406510416666 0.61040984765625 0.39664274609375 0.618274109375 0.3864588138020833 0.6177487565104166 0.35658657942708333 0.6259617239583334 0.32267295052083333 0.6208056796875 0.31261868359375 0.6060380156249999 0.32228553385416664 0.5896120781249999 0.3901127916666667
0 0.5606835559895833 0.2697193515625 0.5475756927083334 0.2648703125 0.5439941783854166 0.3007882317708333 0.5478398958333334 0.32345095052083334 0.5352581484375 0.37029640625 0.5367474127604167 0.47675666536458333 0.5427767552083334 0.4711312096354167 0.55098972265625 0.43721758072916667 0.5527355546875 0.38403587760416663 0.5626951184895833 0.31876280598958334 0.5626935911458334 0.2751182864583333 0.5606835559895833 0.2697193515625
0 0.48711478645833334 0.5293900559895833 0.49506660677083336 0.524184828125 0.49786161718750005 0.4871030768229167 0.49349131119791667 0.4563903841145833 0.49873338671875 0.42777883593750005 0.49383696484375 0.3453716471354167 0.4969822109375 0.3282047174479167 0.4898161302083333 0.3127515169270833 0.49523332421875005 0.29409738020833337 0.4912124908854167 0.2614772513020833 0.48308555338541664 0.25672506510416665 0.4753103802083333 0.3155322239583333 0.4833512838541667 0.3589502239583333 0.4816062161458334 0.43395418619791665 0.48650034765625 0.45089459505208335 0.48711478645833334 0.5293900559895833
0 0.45338427213541665 0.52796847265625 0.45504178125 0.4479858046875 0.44263057031249997 0.37385511197916665 0.44332875 0.3482179778645833 0.4358124361979167 0.31284995442708335 0.43074394921875 0.30777439453125 0.4351127291666667 0.29484256770833334 0.4251493463541667 0.25100433984375 0.41929435807291665 0.24476494661458334 0.4134401341145833 0.26034781510416666 0.41483878515625 0.274540328125 0.4295219440104167 0.34718381249999997 0.44717828515625 0.47999199609375 0.44473198307291667 0.4933440520833334 0.45338427213541665 0.52796847265625
0 0.4113494127604167 0.4463705130208333 0.40671795703125 0.44436622265625 0.4026110911458333 0.4504119075520833 0.40942846223958335 0.48959480338541667 0.4168564557291667 0.4981618619791666 0.4167681341145833 0.47136089583333335 0.4113494127604167 0.4463705130208333
0 0.3472993580729167 0.5285855755208334 0.35228028515625004 0.5286824296875 0.35280411197916667 0.5149101458333333 0.3421417864583333 0.47488679166666664 0.3230030533854167 0.4320186875 0.3472993580729167 0.5285855755208334
0 0.36608403776041665 0.44242755729166666 0.37351355859374996 0.49463913541666665 0.38059131510416666 0.4832913697916667 0.3727255286458333 0.4498307825520833 0.36608403776041665 0.44242755729166666
0 0.28839847786458334 0.4244545651041667 0.2862140885416667 0.4309204791666667 0.30683903125 0.4929598020833333 0.3091117434895833 0.51329485546875 0.3181127408854167 0.5241895794270833 0.3181995364583333 0.5073460234375 0.28839847786458334 0.4244545651041667
0 0.28106109895833337 0.5081552526041667 0.27363234114583335 0.47776593489583336 0.2531825169270833 0.4256840221354166 0.24418151953125 0.41478929947916665 0.2435701354166667 0.42358287890624996 0.2652434921875 0.4798998919270833 0.2748566380208333 0.5038232968749999 0.28106109895833337 0.5081552526041667
0 0.2539720729166667 0.5141368958333333 0.2517869205729167 0.49878054947916667 0.230987625 0.44860607421875004 0.21167453776041667 0.4176028190104167 0.21420916145833332 0.4310517291666667 0.24234889192708334 0.48481455598958334 0.24147559505208335 0.5004942773437501 0.2539720729166667 0.5141368958333333
0 0.1672824609375 0.39798014062500003 0.17541016145833332 0.4245545859375 0.18878070182291665 0.4443397434895833 0.18659554817708335 0.42898339583333334 0.1672824609375 0.39798014062500003
0 0.09947195963541666 0.3970444127604167 0.09973387109375 0.39015826953125 0.03856180598958333 0.3093367265625 0.03716391927083333 0.31696647265625 0.0870630390625 0.3883805 0.09947195963541666 0.3970444127604167
0 0.2789581588541667 0.34502179296875 0.27362623307291667 0.30318785416666666 0.26034248828125 0.26655914453125 0.23840798177083333 0.23895053255208332 0.23465058723958332 0.24308877994791667 0.2509052239583333 0.2744154114583333 0.2631405533854167 0.31676643098958335 0.2789581588541667 0.34502179296875
0 0.09649877734375001 0.3368797135416666 0.04485229817708333 0.27500286848958333 0.043454411458333335 0.28263261458333333 0.07709889453125 0.32272001171875003 0.13023158203125 0.4037680755208333 0.13521250911458335 0.40386492968750004 0.13433844791666666 0.39772239192708336 0.09649877734375001 0.3368797135416666
0 0.06311467838541666 0.24626165364583333 0.05184173307291667 0.23685413802083333 0.14980505598958332 0.38424066927083333 0.15906796614583332 0.38824925000000005 0.16090288411458334 0.38369077343749997 0.15024132161458334 0.36548967708333335 0.06311467838541666 0.24626165364583333
0 0.16212259765625 0.27881457552083333 0.16841461718749998 0.28812523697916664 0.16273474739583335 0.2918432552083333 0.14106291666666668 0.27917076171875 0.115371015625 0.2557003997395833 0.09841743489583334 0.22818864192708332 0.07403662630208334 0.21393208593750002 0.10523480598958333 0.2673715390625 0.13284918489583333 0.29126213151041663 0.1555694296875 0.2982123151041667 0.19279619010416668 0.3242040520833333 0.22313314713541665 0.3822131848958333 0.24043694140625002 0.40484847916666666 0.23290780989583335 0.3835595234375 0.205867578125 0.33009843359375 0.24050939322916667 0.35843947395833337 0.267424828125 0.3861449388020833 0.2839406119791667 0.38876316666666666 0.261918546875 0.35617585026041665 0.2645399674479167 0.35278120572916666 0.24347952083333335 0.33131513151041664 0.19716496875 0.3112722252604167 0.16682558723958332 0.26645592578125 0.21672396875 0.26286086197916664 0.20922320442708334 0.25590380078125 0.17952245833333333 0.25569588151041667 0.18442095312499998 0.2422644140625 0.15510447786458334 0.24794140104166665 0.1284655703125 0.20441270833333333 0.09876242838541667 0.18825182552083333 0.12425144270833333 0.23539643229166665 0.15365760546874999 0.26116052864583333 0.16212259765625 0.27881457552083333
0 0.21617319791666667 0.28449379557291665 0.23104886197916666 0.3123991953125 0.2435785234375 0.3238393515625 0.24864964192708336 0.32543123307291666 0.22034741536458333 0.27235423046875 0.21617319791666667 0.28449379557291665
0 0.82992163671875 0.44264141276041663 0.8538638880208334 0.41018217838541665 0.8544752734375001 0.4013885989583333 0.82590156640625 0.43184354166666666 0.8226687604166667 0.44403176432291663 0.82992163671875 0.44264141276041663
0 1 0.22578522526041667 0.9326808411458334 0.29647800520833334 0.8655723372395833 0.3790164440104167 0.8593686406250001 0.3965067473958333 0.9955956848958333 0.23682880598958334 1 0.23341694791666667 1 0.22578522526041667
0 1 0.10609236458333333 0.9676295442708334 0.14937887109375 0.9663199791666667 0.18380958203125 0.9870294270833333 0.16353857161458332 1 0.142742859375 1 0.10609236458333333
0 1 0.331721 0.9882590677083334 0.34235175390625 0.9707824270833334 0.3504345416666667 0.9421211601562499 0.37591077864583333 0.9234217486979167 0.40158072395833333 0.9224608932291667 0.41228173958333336 0.9339081927083334 0.4098244075520833 0.9382769700520833 0.3968925807291667 0.9774239166666666 0.357837765625 1 0.34459749999999995 1 0.331721
0 1 0.5092707174479166 0.9996249179687501 0.5094937968750001 0.9365349570312499 0.5591855833333333 0.9366225169270833 0.5641642890624999 0.9454483958333334 0.5651016002604167 0.96799276171875 0.54027211328125 1 0.52023530859375 1 0.5092707174479166
1 0.9209876640625 0.7640889401041666 0.9097147174479167 0.7546814231770833 0.8651482877604167 0.7469235937500001 0.8523898958333334 0.7401671184895834 0.8425156002604166 0.7449521158854168 0.826437609375 0.7672274179687499 0.8054654856770833 0.7725623098958333 0.7969022825520833 0.7865611158854167 0.8305460026041667 0.8048262526041667 0.8808798619791666 0.8138447682291666 0.8951229361979167 0.7961279440104166 0.912599578125 0.7880451575520833 0.9211627812500001 0.7740463502604166 0.9209876640625 0.7640889401041666
0 0.8651505781250001 0.812390375 0.8724034544270833 0.8110000208333333 0.90744276953125 0.7561686315104167 0.9024618424479166 0.7560717773437501 0.8844613736979167 0.7779268489583333 0.8651505781250001 0.812390375
0 0.8500319166666667 0.7803201393229168 0.8411192408854166 0.7962263815104166 0.8424303333333333 0.8054401901041667 0.8737122552083334 0.7547470481770833 0.8500319166666667 0.7803201393229168
0 0.83919523828125 0.7521616341145833 0.8326420690104167 0.7715593736979166 0.8537009882812501 0.7493809257812499 0.8543123723958334 0.74058734765625 0.83919523828125 0.7521616341145833
0 1 0.4728738854166667 0.9958659960937499 0.4699875234375 0.98337028125 0.47816716536458337 0.9664182291666666 0.49429992838541664 0.9654573723958334 0.5050009440104167 0.9772541432291666 0.5006361744791666 0.9880892955729167 0.48515016276041667 1 0.47998346744791665 1 0.4728738854166667
0 0.89878437109375 0.5469661302083334 0.9020179401041667 0.55660016796875 0.9096202864583334 0.5533023776041667 0.9271837252604166 0.5283760364583333 0.89878437109375 0.5469661302083334
0 0.9132885950520833 0.5005409036458334 0.9283181705729167 0.4839879127604167 0.9263081354166666 0.4785889765625 0.9089190533854167 0.4916504713541667 0.9060357200520833 0.5019312578125 0.9132885950520833 0.5005409036458334
0 1 0.5612871575520834 0.98879129296875 0.568624328125 0.9904518567708332 0.5759307005208333 1 0.5690751601562499 1 0.5612871575520834
0 0.7748687630208333 0.4266398984375 0.8002089010416666 0.38655091927083335 0.8519383567708334 0.3224729088541667 0.8581420533854166 0.30498260416666667 0.7981113072916667 0.37617327864583333 0.7509265117187499 0.45909913281250003 0.7499656549479167 0.4698001484375 0.7605388932291667 0.46120027734375 0.7748687630208333 0.4266398984375