1 0.39453125 0.3134765625 0.390625 0.3974609375 0.396484375 0.4248046875 0.416015625 0.4404296875 0.42578125 0.4638671875 0.4462890625 0.48046875 0.4560546875 0.484375 0.4833984375 0.48046875 0.5 0.5205078125 0.5498046875 0.568359375 0.5595703125 0.568359375 0.5869140625 0.552734375 0.6240234375 0.541015625 0.6396484375 0.546875 0.6591796875 0.56640625 0.7783203125 0.576171875 0.8173828125 0.53515625 0.8564453125 0.515625 0.8759765625 0.494140625 0.9501953125 0.482421875 1 0.4501953125 1 0.2919921875 0.9775390625 0.28515625 0.8935546875 0.28125 0.8486328125 0.298828125 0.8115234375 0.298828125 0.7861328125 0.314453125 0.771484375 0.3388671875 0.7386282997218685 0.4024772702730593 0.7366989381831123 0.44875593444995454 0.6981092343205005 0.44972010271015544 0.660484387876373 0.47382360305880405 0.6527665884231356 0.44875593444995454 0.6228595414322454 0.4516483509610105 0.6334717364918298 0.42272418585045096 0.6373306362184484 0.3668041480149605 0.6817087779955414 0.3427006918010853 0.71484375 0.3056640625 0.712890625 0.2841796875 0.6904296875 0.26953125 0.6240234375 0.25390625 0.5322265625 0.2421875 0.4716796875 0.25390625 0.4482421875 0.263671875 0.4130859375 0.28515625
1 0.0009765625 0 0 0.1552734375 0.00390625 0.1708984375 0 0.2529296875 0.017578125 0.2861328125 0.1064453125 0.33203125 0.1494140625 0.34375 0.1826171875 0.3828125 0.2373046875 0.408203125 0.2568359375 0.42578125 0.2763671875 0.421875 0.2939453125 0.400390625 0.3173828125 0.39453125 0.322265625 0.3818359375 0.302734375 0.3017578125 0.2900390625 0.28125 0.2705078125 0.279296875 0.2578125 0.2626953125 0.29296875 0.2001953125 0.294921875 0.1728515625 0.28515625 0.1552734375 0.28515625 0.1416015625 0.2802734375 0.142578125 0.27734375 0.1357421875 0.26953125 0.0517578125 0.267578125 0.0439453125 0.26171875 0.0439453125 0.251953125 0.0068359375 0.2431640625 0
1 0.0009765625 0.359375 0.0009765625 0.47265625 0.1123046875 0.470703125 0.1708984375 0.4609375 0.177734375 0.4560546875 0.171875 0.4365234375 0.154296875 0.4267578125 0.15625 0.3994140625 0.1474609375 0.388671875 0.1259765625 0.380859375 0.0869140625 0.380859375 0.0576171875 0.365234375
0 0.423828125 0.2978515625 0.42578125 0.3330078125 0.419921875 0.3623046875 0.42578125 0.3740234375 0.427734375 0.4033203125 0.43359375 0.4169921875 0.4384765625 0.41796875 0.447265625 0.3720703125 0.443359375 0.3017578125 0.4306640625 0.2890625
0 0.486328125 0.3076171875 0.484375 0.3740234375 0.4765625 0.4267578125 0.478515625 0.4619140625 0.4833984375 0.46875 0.50390625 0.3642578125 0.5 0.3154296875 0.5078125 0.2939453125 0.5107421875 0.2578125 0.4970703125 0.259765625 0.494140625 0.2646484375
0 0.51953125 0.4873046875 0.515625 0.5244140625 0.5224609375 0.53125 0.537109375 0.4541015625 0.544921875 0.4384765625 0.556640625 0.3642578125 0.572265625 0.3232421875 0.5751953125 0.263671875 0.56640625 0.2666015625 0.556640625 0.2978515625 0.55859375 0.3173828125 0.548828125 0.3310546875 0.548828125 0.3486328125 0.529296875 0.4287109375 0.529296875 0.4580078125
0 0.568359375 0.4580078125 0.5556640625 0.537109375 0.5703125 0.5048828125 0.5703125 0.4912109375 0.611328125 0.3642578125 0.638671875 0.2958984375 0.642578125 0.2822265625 0.6396484375 0.265625 0.6328125 0.2705078125 0.615234375 0.3115234375 0.6171875 0.3251953125 0.611328125 0.3291015625 0.59765625 0.3623046875 0.59375 0.3876953125
0 0.6015625 0.4892578125 0.5966796875 0.515625 0.60546875 0.5087890625 0.619140625 0.4716796875 0.6162109375 0.46484375 0.611328125 0.4658203125
0 0.65625 0.5458984375 0.654296875 0.5595703125 0.6591796875 0.560546875 0.7001953125 0.470703125 0.673828125 0.5087890625
0 0.6484375 0.4775390625 0.634765625 0.5087890625 0.6396484375 0.521484375 0.65625 0.4716796875
0 0.69140625 0.5458984375 0.6884765625 0.5625 0.69921875 0.5537109375 0.705078125 0.5341796875 0.736328125 0.4775390625 0.7353515625 0.470703125
0 0.740234375 0.5263671875 0.7275390625 0.5546875 0.734375 0.5517578125 0.748046875 0.5302734375 0.779296875 0.4794921875 0.7802734375 0.470703125 0.76953125 0.4794921875
0 0.7578125 0.5517578125 0.7529296875 0.56640625 0.767578125 0.5556640625 0.76953125 0.5400390625 0.806640625 0.4931640625 0.8115234375 0.48046875 0.787109375 0.5068359375
0 0.833984375 0.4970703125 0.8291015625 0.51171875 0.845703125 0.4951171875 0.8583984375 0.470703125
0 0.92578125 0.4775390625 0.9248046875 0.484375 0.9384765625 0.478515625 1 0.4189453125 1 0.4111328125
0 0.771484375 0.3544921875 0.7587890625 0.39453125 0.779296875 0.3701171875 0.798828125 0.3310546875 0.8203125 0.3037109375 0.8173828125 0.298828125 0.791015625 0.3212890625
0 0.890625 0.4775390625 0.888671875 0.4833984375 0.8935546875 0.484375 0.9599609375 0.416015625 1 0.3837890625 1 0.3759765625 0.9384765625 0.42578125
0 0.880859375 0.4423828125 0.8671875 0.4580078125 0.8681640625 0.462890625 0.8779296875 0.4609375 1 0.3369140625 0.9873046875 0.34375
0 0.771484375 0.4052734375 0.7734375 0.4091796875 0.74609375 0.4365234375 0.7626953125 0.4375 0.7939453125 0.416015625 0.8328563594968053 0.39556826448725735 0.796875 0.4423828125 0.7857103199300913 0.4617219989204733 0.806664057160431 0.4431608614763575 0.8466796875 0.392578125 0.8876953125 0.375 0.9111328125 0.373046875 0.9423828125 0.35546875 0.982421875 0.3095703125 0.9560546875 0.318359375 0.9345703125 0.341796875 0.9052734375 0.359375 0.8818359375 0.3671875 0.876953125 0.3623046875 0.884765625 0.3544921875 0.8961939391413211 0.33893305816632746 0.9295294936070192 0.3198960237279204 0.9628651352716832 0.27896637680987174 0.9309581614726771 0.2884849049221579 0.8971464134514152 0.32560713623805904 0.869525443249383 0.31370897065116005 0.8719065854251351 0.3279867519265066 0.8428570345564114 0.32179972063591156 0.8342850273624633 0.32703491436559373 0.8823834540403052 0.34131269564094024 0.8447265625 0.37890625 0.7958984375 0.388671875
0 0.7971396628553555 0.3812904832119108 0.8114263415119355 0.3727238144467027 0.8309514108766173 0.34845158627861356 0.8290465494553954 0.33560158313080163 0.7919011849482871 0.3817664019923672
0 0.1865234375 0.326171875 0.185546875 0.3349609375 0.203125 0.3720703125 0.2099609375 0.375 0.208984375 0.3623046875
0 0.0009765625 0 0 0.0263671875 0.017578125 0.0478515625 0.01953125 0.0595703125 0.033203125 0.0693359375 0.04296875 0.0927734375 0.078125 0.1337890625 0.1826171875 0.3203125 0.1796875 0.3017578125 0.12890625 0.2060546875 0.05859375 0.0947265625 0.048828125 0.0615234375 0.033203125 0.0498046875 0.009765625 0.0029296875
0 0.0751953125 0 0.099609375 0.0634765625 0.1162109375 0.087890625 0.12109375 0.0537109375 0.095703125 0.0009765625
0 0.0009765625 0.150390625 0 0.1611328125 0.05078125 0.2236328125 0.052734375 0.2373046875 0.07421875 0.2568359375 0.10546875 0.3037109375 0.107421875 0.3173828125 0.1181640625 0.322265625 0.119140625 0.3115234375 0.10546875 0.2822265625 0.08203125 0.2509765625 0.06640625 0.2392578125
0 0.0009765625 0.37890625 0 0.3896484375 0.05078125 0.4384765625 0.068359375 0.4677734375 0.0771484375 0.46875 0.078125 0.4638671875 0.025390625 0.4013671875
1 0.056640625 0.6689453125 0.0546875 0.6787109375 0.060546875 0.6943359375 0.076171875 0.7060546875 0.0869140625 0.7265625 0.1376953125 0.728515625 0.173828125 0.7177734375 0.16796875 0.7021484375 0.1484375 0.6923828125 0.13671875 0.6669921875 0.1279296875 0.66015625 0.1142578125 0.6640625 0.0693359375 0.662109375
0 0.0712890625 0.6640625 0.095703125 0.7255859375 0.1025390625 0.728515625 0.08984375 0.6904296875 0.076171875 0.6650390625
0 0.1044921875 0.669921875 0.1259765625 0.7265625 0.12890625 0.7177734375 0.123046875 0.7001953125
0 0.1259765625 0.66015625 0.125 0.6689453125 0.1416015625 0.6953125 0.138671875 0.6748046875
0 0.029296875 0.3662109375 0.02734375 0.3701171875 0.041015625 0.3798828125 0.048828125 0.3974609375 0.0595703125 0.404296875 0.060546875 0.3935546875 0.046875 0.3740234375 0.0361328125 0.36328125
0 0.0927734375 0.435546875 0.10546875 0.4638671875 0.1123046875 0.46875 0.1171875 0.4599609375
0 0.1025390625 0.38671875 0.099609375 0.3916015625 0.111328125 0.4111328125 0.1181640625 0.4140625 0.1171875 0.4033203125
0 0.0009765625 0.4375 0 0.4443359375 0.0224609375 0.46875 0.025390625 0.4619140625
0 0.2001953125 0.23046875 0.203125 0.2490234375 0.2421875 0.3232421875 0.259765625 0.3681640625 0.267578125 0.4052734375 0.2763671875 0.416015625 0.27734375 0.4052734375 0.24609375 0.3134765625