1 0.46491783593749997 0.5384202669270833 0.49159749609375 0.5036175677083333 0.5169682486979167 0.5140840624999999 0.5274387291666667 0.5126774270833333 0.5516596835937501 0.5015732526041666 0.5673230559895833 0.48121257031250003 0.5903411744791667 0.47081767968750005 0.60327036328125 0.44571251953124996 0.6218270312499999 0.36325645182291666 0.6114361054687499 0.3312431549479167 0.58319343359375 0.3018106783854167 0.5631533098958333 0.28661163932291667 0.5077912434895834 0.26045733593750003 0.41601561848958335 0.24941853125 0.3477243619791666 0.24836938671875 0.32213631640625 0.25710132291666665 0.31453775651041666 0.2774739388020833 0.33669325260416666 0.32150558203125 0.3731463255208333 0.3557311653645833 0.36200555859375 0.41094071614583333 0.36456486197916665 0.4416009453125 0.33644885546875 0.43149252083333334 0.32232990494791663 0.4539351484375 0.29239935807291667 0.42135826953125005 0.2553847330729167 0.41100132942708334 0.2658256901041667 0.365619296875 0.25100480208333337 0.29586761067708334 0.24334806119791666 0.26859879166666667 0.22297942447916666 0.24723670442708334 0.18713819140625 0.23817684244791668 0.14842503776041668 0.21015100390625 0.06627208854166666 0.19343791927083334 0.04276120052083333 0.1945882369791667 0.0006987864583333334 0.3481160104166667 0.040233225260416665 0.39154947265625 0.10879995703125 0.42104161979166665 0.12195158333333334 0.44665941796874997 0.15448630729166665 0.47515015885416667 0.18130885026041665 0.5244903502604167 0.29897451822916665 0.5441002447916666 0.32303121484375 0.5299145468750001 0.3396801276041667 0.5280430104166667 0.372405625 0.5484752968750001 0.39466064192708333 0.5703142213541667 0.404092546875 0.5726983945312499 0.46491783593749997 0.5384202669270833
1 0.7554212565104167 0.251105890625 0.7500375911458333 0.27811838932291666 0.7673751940104167 0.34735436197916664 0.7506997630208333 0.36036587630208333 0.7313166679687501 0.35749293359375 0.7136026575520833 0.3742952565104167 0.6734479986979167 0.4472384986979167 0.6747885729166666 0.46075071614583335 0.6958672734375 0.4721589466145833 0.7071325208333333 0.49729991015625 0.7249577486979167 0.50585906640625 0.7484951575520834 0.49356877213541667 0.8080645742187501 0.4822798841145833 0.8505188255208332 0.4524779817708333 0.8951349348958333 0.45159591796875004 0.9765579960937499 0.432620859375 0.9943639713541667 0.13214501953125 0.8513674270833334 0.09599870052083333 0.8410612018229168 0.10048686067708333 0.8217628072916666 0.134115375 0.8161036640625 0.13268487109375002 0.8121401276041667 0.13978965494791668 0.7822651757812501 0.21938471484375 0.77761809375 0.22530337890625 0.7731617851562499 0.22316358984374998 0.7695267617187499 0.23643142317708332 0.7554212565104167 0.251105890625
1 0.8526062708333333 0.5847391419270833 0.9596106796875 0.6138141263020833 0.96753451171875 0.5848921471354166 0.9724830911458334 0.5013848802083333 0.9334665377604167 0.49573866406249995 0.901016515625 0.5037493802083334 0.8632889023437501 0.49421268619791664 0.8404615585937499 0.4965491223958333 0.8291167565104166 0.5048280924479166 0.8237330911458334 0.5318405911458334 0.8041592187500001 0.5370261028645833 0.7933071861979166 0.55454964453125 0.7986112955729167 0.5609570781250001 0.8526062708333333 0.5847391419270833
0 0.5553160807291667 0.4072440533854167 0.5516015026041666 0.4539318190104167 0.55657709765625 0.454176203125 0.5658712630208333 0.44233887369791663 0.5755469791666666 0.4143846393229167 0.5843218567708334 0.4044427161458333 0.58645205078125 0.37458114322916664 0.5976856341145833 0.34094069401041666 0.5934201028645834 0.33074245182291667 0.5777832486979166 0.33996315625 0.5553160807291667 0.4072440533854167
0 0.5370724947916666 0.2860990013020833 0.5243871184895833 0.28086575390625 0.5176098411458333 0.3166459921875 0.5194431848958333 0.33940278255208334 0.5026881979166666 0.3858342278645834 0.49471323046875 0.49224514062499997 0.5012466940104167 0.48680331119791664 0.51248027734375 0.4531628619791667 0.51895555859375 0.40007959765624995 0.5347250065104167 0.33515900651041663 0.5386038424479167 0.291552765625 0.5370724947916666 0.2860990013020833
0 0.4403683671875 0.5433613932291667 0.4487882122395834 0.5383963984375 0.4548819427083333 0.5014300416666667 0.45323937500000006 0.47061479817708335 0.4610287109375 0.44218372916666665 0.4634557552083333 0.3597037916666667 0.46812935677083334 0.3426451497395833 0.46233247656250004 0.32699314453125 0.4694117473958333 0.3085159322916667 0.46828846874999996 0.27580528515624997 0.4605786888020833 0.270816421875 0.44756994401041666 0.32934151432291664 0.45175591927083336 0.3729596901041667 0.4433412200520834 0.44784607421875 0.4467324296875 0.46491664973958335 0.4403683671875 0.5433613932291667
0 0.40674202864583336 0.5409414166666667 0.41551176171875 0.46107810416666667 0.40968321744791664 0.3866446861979167 0.4126612135416667 0.36105075520833335 0.4082844635416667 0.32549103515625 0.4036638984375 0.3202697200520833 0.40918530468750003 0.30747872265625004 0.4031129466145833 0.2633837135416667 0.3978088372395833 0.25697628125 0.3905653098958333 0.27237196874999997 0.3907030481770833 0.2865934700520833 0.3989372604166667 0.35960831770833335 0.40479746614583334 0.4928231471354167 0.4011624440104167 0.5060909791666667 0.40674202864583336 0.5409414166666667
0 0.37193423046875 0.4581693580729167 0.367477921875 0.45602956901041664 0.36283083984375003 0.4619482330729167 0.3661690130208333 0.5012987630208333 0.37284021354166663 0.5100784361979166 0.37513466536458334 0.48329838671875 0.37193423046875 0.4581693580729167
0 0.30053238411458333 0.53841403125 0.30550798046875 0.5386584153645834 0.3072566236979167 0.5249137486979166 0.3001456888020833 0.4846095494791667 0.28480568619791663 0.441211890625 0.30053238411458333 0.53841403125
0 0.32698960677083333 0.4528883736979166 0.32978197265625003 0.5052742864583334 0.3378733020833333 0.49414624218750003 0.33297726302083336 0.46048192578125 0.32698960677083333 0.4528883736979166
0 0.2508508333333333 0.43262886458333333 0.24809013151041667 0.43902436328125 0.2632128411458333 0.501620453125 0.26367909244791665 0.5220050039062499 0.2717173854166667 0.5331569153645833 0.2733017721354167 0.5163307239583333 0.2508508333333333 0.43262886458333333
0 0.23606692838541665 0.5160386015625 0.23133514453125 0.4854558098958333 0.21550237239583334 0.43281357682291666 0.207464078125 0.42166166666666666 0.20607046875 0.43042940494791665 0.22275104296875 0.48733927994791665 0.23024352864583333 0.51152657421875 0.23606692838541665 0.5160386015625
0 0.20842824479166666 0.5212121796875 0.2076069609375 0.5058045572916666 0.19125489973958332 0.45505773046875 0.17468554296875002 0.42350933333333335 0.1760261145833333 0.43702155078125 0.19940441145833332 0.49157112109374995 0.19713647916666666 0.5072111927083334 0.20842824479166666 0.5212121796875
0 0.1320088515625 0.40258827734374997 0.13777921223958334 0.4293802604166667 0.1493994921875 0.4495442955729167 0.14857820833333332 0.4341366731770833 0.1320088515625 0.40258827734374997
0 0.06423688541666667 0.39964372916666663 0.06511120572916666 0.39277139453125004 0.011084567708333333 0.31020791796874997 0.009007411458333333 0.3177895377604167 0.05259008723958333 0.39061967187499996 0.06423688541666667 0.39964372916666663
0 0.24846653906250002 0.35298606770833335 0.24685049088541666 0.31103084635416667 0.23681459765625001 0.27404062109375 0.21732028255208333 0.24580619921875 0.21319248828125 0.24982945833333334 0.2266726302083333 0.2816103059895833 0.23515065494791665 0.3242867447916667 0.24846653906250002 0.35298606770833335
0 0.06661089192708333 0.33944374739583333 0.02043177083333333 0.2760906354166667 0.018354614583333335 0.2836722526041667 0.04845714973958334 0.32472154166666667 0.09441897526041666 0.40727308333333334 0.09939457161458333 0.40751746875 0.09906605729166666 0.4013544205729167 0.06661089192708333 0.33944374739583333
0 0.041261514322916665 0.24791588541666668 0.030817552083333335 0.23818254296875 0.11574149088541667 0.3883429075520833 0.12465410416666667 0.3926224856770833 0.12689551822916667 0.388122390625 0.11784516406250001 0.36962130989583336 0.041261514322916665 0.24791588541666668
0 0.13744041015625 0.28337443359375 0.14290877734375 0.292863390625 0.13689460286458333 0.2964098151041667 0.11633519140625 0.2831061796875 0.09271308203125 0.25889501822916666 0.07819436328125 0.23090498046875 0.05506502473958333 0.215938390625 0.08153253515625 0.2702555104166667 0.10704102604166667 0.29494350911458334 0.1291583046875 0.30256092838541665 0.16409869791666667 0.32963310026041664 0.18929813541666665 0.3884903645833333 0.2046008567708333 0.4116186002604167 0.19895953385416668 0.390125203125 0.17665463411458335 0.33590969140625 0.20879950651041668 0.36525249348958333 0.23326941927083333 0.39373130078125 0.24956329817708334 0.3968366927083333 0.230424015625 0.3636253424479167 0.23334897526041667 0.36031136848958334 0.21418317317708332 0.3382399934895833 0.1696201015625 0.3168421028645833 0.14324528515624999 0.27116601432291665 0.19349616015625 0.26905290234375 0.18660899739583334 0.26187965755208337 0.15690717578125 0.2607917044270833 0.16300306640625 0.247517203125 0.13316255208333333 0.25232037890625 0.11037616796875 0.20804043489583335 0.08209030208333333 0.19101345703124997 0.10340455208333334 0.23887206119791668 0.13053943619791666 0.26548501953125 0.13744041015625 0.28337443359375
0 0.1910216770833333 0.2906505169270833 0.20342611197916668 0.31897227083333335 0.21494689973958334 0.33077371223958335 0.21987982682291665 0.3325144830729167 0.19627795182291666 0.2786453203125 0.1910216770833333 0.2906505169270833
0 0.7911136666666666 0.46684839453125 0.8179575833333333 0.43512721875 0.8193511953125 0.42635948046875 0.7880509700520834 0.45594086588541666 0.7837323997395833 0.46802257812500003 0.7911136666666666 0.46684839453125
0 0.9751952942708333 0.26612645182291667 0.9869073567708333 0.25797538671875003 0.9874495911458333 0.24882517578125 0.9069357005208333 0.3238587200520833 0.832444640625 0.4043358450520833 0.8246818229166667 0.42162693619791664 0.9751952942708333 0.26612645182291667
0 0.9731395130208332 0.19264670442708332 0.9923438294270833 0.16623492057291667 0.9943071002604166 0.13310471223958334 0.9935295234375 0.13294742578125 0.95498576953125 0.17792449869791668 0.9506141627604167 0.21228616666666666 0.9731395130208332 0.19264670442708332
0 0.9777173281249999 0.3599907513020833 0.9810051848958333 0.35757453385416665 0.9812835416666666 0.35287727864583335 0.9584719687500001 0.3713393098958333 0.9402651901041666 0.3788970598958334 0.90931999609375 0.4035015169270833 0.8883259960937501 0.4285947434895833 0.88641309765625 0.43925788671875 0.8980864127604167 0.43714196614583334 0.9036078164062501 0.42435096875 0.9462528450520833 0.3864906119791667 0.972195921875 0.37278174869791664 0.9777173281249999 0.3599907513020833
0 0.8870804127604166 0.5914267630208333 0.89582876953125 0.59262481640625 0.9205955325520834 0.5684852591145834 0.9701636158854167 0.5405260221354167 0.9707749622395833 0.5302095533854166 0.9549849726562499 0.5386714244791667 0.8874354440104167 0.5864498333333333 0.8870804127604166 0.5914267630208333
1 0.8536602812499999 0.7907125013020834 0.8432163190104167 0.7809791588541667 0.7993102747395833 0.7719073658854166 0.7871441875 0.7647787135416667 0.7768379622395832 0.7692668736979167 0.7587689218749999 0.7910461249999999 0.7373086692708334 0.7957548007812499 0.72749521484375 0.8094875338541666 0.7595371679687499 0.8287337018229167 0.8091023541666668 0.8392359986979167 0.8249299830729168 0.8219568411458332 0.8431367630208334 0.8143990924479166 0.8529502174479168 0.8006663580729166 0.8536602812499999 0.7907125013020834
0 0.79349201953125 0.8373167265625 0.8008732864583333 0.8361425416666667 0.8408106484375 0.7823977291666666 0.8358350533854167 0.7821533450520833 0.8158796302083333 0.80345576171875 0.79349201953125 0.8373167265625
0 0.7812147135416666 0.8048265950520833 0.7708819700520834 0.8204547317708334 0.7713747408854167 0.8296993059895833 0.8071843111979167 0.7799777526041667 0.7812147135416666 0.8048265950520833
0 0.7728744270833333 0.7763716575520833 0.7645923190104167 0.7955581536458333 0.7876369583333332 0.77402328515625 0.7890305677083332 0.7652555481770834 0.7728744270833333 0.7763716575520833
0 0.9333869817708332 0.52915859765625 0.9456061067708333 0.5140072955729167 0.9614072161458332 0.5078681145833334 0.9605594140624999 0.5036004700520833 0.9547360143229167 0.4990884427083333 0.9415048320312499 0.5068905768229167 0.9231072760416666 0.5225067799479167 0.9211943763020832 0.5331699231770833 0.9333869817708332 0.52915859765625
0 0.8507464088541666 0.5731223294270833 0.8531255598958333 0.58284373828125 0.8610261145833333 0.5797741471354166 0.88081728125 0.5553902057291666 0.8507464088541666 0.5731223294270833
0 0.86938777734375 0.52716771875 0.8858989518229167 0.5110746809895833 0.8843676028645833 0.5056209166666666 0.8658057916666667 0.5181555963541666 0.86200651171875 0.5283419049479167 0.86938777734375 0.52716771875
0 0.9398990716145833 0.6047781354166667 0.9674093190104167 0.5870047786458333 0.9678019908854166 0.5803784466145833 0.9388870117187501 0.5974289661458333 0.9398990716145833 0.6047781354166667
0 0.7374472044270833 0.4492293776041667 0.7663682786458333 0.40992658333333337 0.8238288763020832 0.34743790234375 0.8315916940104167 0.33014680989583334 0.7651919635416666 0.3994958919270833 0.7106032864583334 0.48095055338541665 0.7086903867187501 0.4916136966145834 0.7200351901041667 0.48333472656250004 0.7374472044270833 0.4492293776041667