1 0.5120868597883598 0.9144935941422594 0.5387030899470899 0.9531206610878661 0.5543783544973545 0.9559186820083682 0.571467955026455 0.9418386276150628 0.5775557116402116 0.8713235481171548 0.6126565767195767 0.8577637991631799 0.6134550608465609 0.8802337615062761 0.6271015423280424 0.8901762761506276 0.6176329576719577 0.9562383305439331 0.6416682671957672 0.9638007364016736 0.68242791005291 0.8336471338912135 0.7281625264550264 0.8510496569037657 0.7849626957671957 0.8473300292887029 0.8296538994708995 0.8089202133891213 0.8723219867724867 0.5813285439330544 0.894883492063492 0.5360814309623431 0.8880609576719577 0.5065693807531381 0.8556033121693122 0.5227181882845189 0.813679917989418 0.5067658786610879 0.8089470423280424 0.4907153179916318 0.8727637089947089 0.18567301255230126 0.6338249841269842 0.09317092468619247 0.5931304656084656 0.0966857489539749 0.39623830687830686 0.01226636820083682 0.3685758306878307 0.015990142259414225 0.29325471957671956 0.6396469456066946 0.29521978835978835 0.7100596317991632 0.3499274708994709 0.791041690376569 0.3603134603174603 0.8868247531380754 0.37617276984126985 0.9023591589958159 0.3768480873015873 0.932698719665272 0.4193859206349206 0.9583845983263599 0.4681332671957672 0.9547673682008369 0.5120868597883598 0.9144935941422594
0 0.37944601058201055 0.3747843179916318 0.4007786375661376 0.31007007531380754 0.4167030740740741 0.1989657071129707 0.4183651719576719 0.11726684100418411 0.40435059523809525 0.08185154811715481 0.36715157142857147 0.376439330543933 0.37944601058201055 0.3747843179916318
0 0.7225207407407408 0.3786644476987448 0.7115146455026455 0.4694741757322176 0.7278666402116403 0.4535301589958159 0.7488311693121693 0.3633431380753138 0.7722577037037037 0.16484561924686192 0.7487745423280423 0.19549238075313807 0.7147765502645503 0.3345520418410042 0.7225207407407408 0.3786644476987448
0 0.5480003756613756 0.43258791631799165 0.5599267142857143 0.405460129707113 0.5924523174603175 0.16450936820083684 0.586983246031746 0.09751325523012552 0.5453614047619048 0.2827540878661088 0.5342307195767195 0.4305150041841004 0.5480003756613756 0.43258791631799165
0 0.6724284285714286 0.12527619665271966 0.6560141428571429 0.16969580753138078 0.622443708994709 0.40391582008368204 0.6289590238095238 0.4285610878661088 0.6523190132275132 0.4057839330543933 0.6611108650793651 0.35846390794979077 0.6841678835978836 0.18357519665271965 0.6812188677248678 0.12703775732217573 0.6724284285714286 0.12527619665271966
0 0.580152216931217 0.3624907322175732 0.5933668941798942 0.42451766527196655 0.6069524973544973 0.41385419246861926 0.6438442962962962 0.11439962343096234 0.6306282063492064 0.10145428451882846 0.6131082116402117 0.11853715062761506 0.6048062116402116 0.23254193723849373 0.580152216931217 0.3624907322175732
0 0.44829427248677245 0.3851488870292887 0.45523997619047624 0.40679134309623427 0.47134562698412696 0.406586539748954 0.5060231825396825 0.15062167364016735 0.5110661111111111 0.07337584100418411 0.49871080158730163 0.05442485774058577 0.4716599285714286 0.16604538075313807 0.44829427248677245 0.3851488870292887
0 0.35024460317460315 0.45233735146443516 0.33149148412698415 0.597197849372385 0.32730933862433864 0.6684380460251047 0.3394791825396825 0.7237342259414226 0.36376224867724866 0.6664758326359832 0.3812241984126984 0.5306237949790795 0.37907507936507934 0.44747471966527197 0.36585898941798944 0.4345293849372385 0.35024460317460315 0.45233735146443516
0 0.4224623624338624 0.8598076652719665 0.4645811402116402 0.49584365271966524 0.4584353386243386 0.4475895690376569 0.4366737380952381 0.466225050209205 0.4143557407407408 0.5938961338912134 0.3876687169312169 0.8782341966527197 0.4224623624338624 0.8598076652719665
0 0.5307876005291005 0.4545375690376569 0.5116069232804232 0.5042377154811716 0.46192800264550266 0.8368257071129707 0.4574372222222222 0.9522807071129707 0.4771700423280423 0.9407897238493724 0.5035455978835979 0.7988296443514644 0.5433255423280423 0.5353065271966527 0.5414836455026455 0.4570242343096234 0.5307876005291005 0.4545375690376569
0 0.5600342989417989 0.937488 0.6291402380952381 0.5394606569037657 0.6197976587301587 0.4994899330543933 0.6001257116402117 0.5315869037656904 0.5792220608465609 0.6423799163179916 0.5912744021164021 0.5092193472803347 0.5803943095238095 0.4939962928870293 0.5647799259259259 0.5118042635983263 0.5082770582010582 0.863961790794979 0.5142388121693122 0.8994794853556485 0.5364307989417989 0.8778411882845188 0.5398710873015873 0.9519817991631799 0.5600342989417989 0.937488
0 0.699341962962963 0.5123411715481172 0.6337386111111111 0.9560335313807532 0.6498442619047619 0.9558287280334727 0.6679801111111111 0.8993978368200837 0.6790485 0.7801125146443514 0.7234381481481481 0.5405095648535564 0.7208572248677249 0.5094448953974895 0.699341962962963 0.5123411715481172
0 0.7860797328042328 0.4820140585774058 0.792411 0.49392294142259413 0.8615735661375661 0.26374635564853555 0.8669222962962962 0.2404488912133891 0.8579478121693123 0.22595094142259414 0.8430101587301588 0.22501688702928868 0.8212471428571428 0.2927339539748954 0.7860797328042328 0.4820140585774058
0 0.8258426798941799 0.8074700041841004 0.8618722857142858 0.5631026652719665 0.8404179021164022 0.5866049288702929 0.8121424047619047 0.5315135523012552 0.7888447063492063 0.5258151087866109 0.7732303253968255 0.5436230836820084 0.7542336984126985 0.6060596150627615 0.7626546164021163 0.6314299874476987 0.7354805740740741 0.7509201129707114 0.7329576957671958 0.8386246192468619 0.8008843015873016 0.8343888368200837 0.8258426798941799 0.8074700041841004
0 0.7927182195767196 0.4987897238493724 0.35989723544973545 0.39901169037656903 0.3901406375661376 0.42635257740585775 0.7945615370370371 0.5279904225941423 0.894883492063492 0.5360814309623431 0.7927182195767196 0.4987897238493724
0 0.7018124682539684 0.10954113807531381 0.6132936746031746 0.08219194979079497 0.6046872883597884 0.0931667740585774 0.874976537037037 0.19126490376569036 0.8812469232804233 0.1825677907949791 0.7018124682539684 0.10954113807531381
0 0.6463445132275133 0.8120005355648535 0.6003026798941798 0.789731230125523 0.5887458571428571 0.7932502050209206 0.5950771216931217 0.8051590878661088 0.6463445132275133 0.8120005355648535
0 0.7497386613756614 0.8687593765690377 0.8072764417989418 0.8669037154811715 0.6890055185185185 0.8298168117154813 0.6795383544973546 0.846797280334728 0.7497386613756614 0.8687593765690377