1 0.5934297142857142 1 0.5960204788359789 0.9832278953974896 0.6134817301587302 0.9759776987447698 0.635575716931217 0.8892315606694561 0.6992202380952381 0.8379821631799164 0.7099109285714287 0.7714853263598327 0.7138162751322751 0.13790767364016734 0.687196835978836 0.1210344560669456 0.48391801058201056 0.10718084518828452 0.4445134761904762 0.08423892887029288 0.1990624312169312 0.057901271966527196 0.22356292063492061 0.3807722259414226 0.216930791005291 0.3938689748953975 0.17389935185185185 0.3889817782426778 0.14413216931216932 0.35790108368200835 0.13377812169312167 0.3828862175732217 0.1502335396825397 0.4370772426778243 0.16367146296296295 0.675591928870293 0.20264434126984127 0.7338792092050209 0.2577916851851852 0.7647646234309623 0.3047350714285714 0.7700961129707113 0.3284361216931217 0.9143654560669456 0.35290955555555553 0.9186838535564853 0.35186439682539683 0.850854150627615 0.36646294708994714 0.8478954895397489 0.3700423439153439 0.8267575983263599 0.4027197328042328 0.8566299288702929 0.39990044973544975 0.927098510460251 0.4148790555555556 0.9488051924686193 0.4305743597883598 0.9536655271966528 0.46144238624338624 0.9294713347280336 0.49946103174603174 0.9891891297071129 0.5184511613756614 1 0.5934297142857142 1
0 0.6703327275132275 0.483835230125523 0.670590716931217 0.1837816820083682 0.6524602777777778 0.21096140167364016 0.64391558994709 0.29001305020920504 0.6456733544973545 0.4040902761506276 0.658501865079365 0.4763360209205021 0.6703327275132275 0.483835230125523
0 0.2982781904761905 0.2876913430962343 0.3075748095238095 0.3841581422594142 0.3215991798941799 0.4072953389121339 0.3221299417989418 0.3150224351464435 0.33520416931216934 0.27649626359832635 0.31923200264550267 0.12694916736401674 0.30005640476190476 0.08629918410041841 0.2982781904761905 0.2876913430962343
0 0.5000204259259259 0.45525907949790795 0.5075199523809524 0.3083777280334728 0.48983343915343913 0.11093044769874477 0.4761375291005291 0.17246930962343096 0.477982126984127 0.41890063179916315 0.4862810978835979 0.4506208912133891 0.5000204259259259 0.45525907949790795
0 0.3938956746031746 0.09387898744769875 0.3839691904761905 0.1466126359832636 0.38476863227513225 0.32521425523012554 0.3874847222222222 0.3747670878661088 0.407519537037037 0.40782023012552304 0.4169668597883598 0.3873487782426778 0.41326130158730157 0.14686164853556485 0.4027213121693122 0.09642023012552302 0.3938956746031746 0.09387898744769875
0 0.4320609312169312 0.099752410041841 0.43089621693121694 0.4043196359832636 0.4428696005291005 0.4210683472803347 0.4635301904761905 0.36801492050209206 0.4555719523809524 0.23168907949790796 0.4616380846560847 0.1185004309623431 0.44661197089947086 0.09371057740585774 0.4320609312169312 0.099752410041841
0 0.5624854497354497 0.20074271548117154 0.564567582010582 0.46258987866108786 0.5803103941798942 0.47053337656903765 0.5898052248677248 0.4531450920502092 0.5942086058201058 0.23204555648535566 0.5816217222222222 0.11212177824267781 0.5671656931216931 0.12432994142259415 0.5624854497354497 0.20074271548117154
0 0.6643656984126984 0.5400963347280334 0.6498146587301588 0.5461381673640167 0.6373580211640212 0.6247455230125523 0.6375398703703704 0.7632659539748954 0.6541853174603175 0.8297896485355649 0.672984947089947 0.7826804100418411 0.6777602063492063 0.7124339748953974 0.6774358386243385 0.5646640418410042 0.6643656984126984 0.5400963347280334
0 0.5877690158730159 0.9545907991631799 0.5970426719576719 0.6694111631799163 0.5910879153439154 0.5363906359832636 0.5721023492063492 0.5080733221757322 0.5600773677248677 0.5513353179916317 0.5559983518518519 0.9202047907949791 0.5877690158730159 0.9545907991631799
0 0.48961886772486773 0.47716104184100416 0.4780689603174603 0.551254719665272 0.4842055634920635 0.8227956778242678 0.4923538306878307 0.9714541924686192 0.5102426455026455 0.991952510460251 0.5202207275132276 0.8792081548117155 0.5129914576719578 0.5367543263598327 0.5004004814814815 0.47992442259414225 0.48961886772486773 0.47716104184100416
0 0.429572619047619 0.9520128661087865 0.4421717751322751 0.8826550167364016 0.46120485185185184 0.9140554937238493 0.4714638835978836 0.8829040251046025 0.459990119047619 0.5184237280334728 0.44691997883597884 0.49385602092050207 0.43437242063492065 0.5032031673640167 0.4295930714285714 0.6365434811715481 0.4229216164021164 0.5203693054393306 0.4076579682539682 0.48016361087866105 0.39353449206349206 0.5139539581589958 0.41163629894179893 0.9284313849372385 0.429572619047619 0.9520128661087865
0 0.31069392063492063 0.8400227615062762 0.3214239338624339 0.9027968577405858 0.33716674338624336 0.9107403556485355 0.32817971164021165 0.4542093012552301 0.3074757037037037 0.4410856820083682 0.30108111111111113 0.4695982761506276 0.3147090634920635 0.7204456317991632 0.31069392063492063 0.8400227615062762
0 0.19796158465608468 0.1131761589958159 0.20029761640211638 0.13806364853556485 0.23935323809523806 0.3917988953974896 0.24703461375661379 0.3834379748953975 0.23617025661375662 0.18522661924686193 0.22329424074074075 0.10989771129707113 0.20855316931216933 0.10360686610878661 0.19796158465608468 0.1131761589958159
0 0.2630936111111111 0.665339158995816 0.25136594444444443 0.5378185313807531 0.2627692433862434 0.517569230125523 0.25194421164021163 0.44862879916317994 0.23887407407407407 0.4240610920502092 0.215354873015873 0.418312179916318 0.18081243121693122 0.4574779163179916 0.16273358994708995 0.4246469288702929 0.1675834126984127 0.6760362175732217 0.1886674761904762 0.713825179916318 0.25464393915343914 0.7505571464435147 0.2630936111111111 0.665339158995816
0 0.23844651058201058 0.39631257740585774 0.13377812169312167 0.3828862175732217 0.23300615079365078 0.42339465271966525 0.6416107037037037 0.5205842384937238 0.6746247354497354 0.5089448661087866 0.23844651058201058 0.39631257740585774
0 0.37591184920634924 0.06721433891213388 0.19114351851851852 0.05084635146443515 0.19619973015873016 0.062192807531380755 0.47304138095238096 0.09825112552301256 0.46598168783068783 0.08359935983263597 0.37591184920634924 0.06721433891213388
0 0.39380317195767195 0.7848284769874477 0.4014845476190476 0.7764675523012553 0.39060792063492067 0.7675378326359833 0.3427578042328043 0.7667200251046025 0.39380317195767195 0.7848284769874477
0 0.30592684126984127 0.7840814435146444 0.2987721349206349 0.7632633389121339 0.17836093386243387 0.7418934769874478 0.23446251322751321 0.771348380753138 0.30592684126984127 0.7840814435146444