1 0.1875 0.06332537918410042 0.20703125 0.38458583943514646 0.2001953125 0.39848653242677823 0.1572265625 0.39848653242677823 0.1279296875 0.37068514644351463 0.1171875 0.3969420109832636 0.1328125 0.4494557400627615 0.142578125 0.6873120423640168 0.1806640625 0.7413702928870293 0.2353515625 0.7660826359832636 0.2822265625 0.7660826359832636 0.3037109375 0.9081786087866108 0.328125 0.9097231302301255 0.328125 0.8417641867154811 0.3427734375 0.8371306223849372 0.3466796875 0.8155073221757322 0.37890625 0.8417641867154811 0.375 0.9128121731171548 0.3896484375 0.9328909518828452 0.4052734375 0.9359799947698745 0.4365234375 0.9081786087866108 0.4736328125 0.9637813807531381 0.5205078125 0.9854046809623431 0.5654296875 0.9761375523012552 0.5703125 0.946791644874477 0.587890625 0.9375245162133892 0.611328125 0.8479422724895398 0.67578125 0.7892504576359832 0.6875 0.721291514121339 0.701171875 0.08494867939330544 0.6748046875 0.07104798640167365 0.4716796875 0.08031511506276151 0.4326171875 0.061780857740585775
0 0.65234375 0.4370995685146444 0.6572265625 0.1359178870292887 0.638671875 0.16526379445606695 0.62890625 0.24557890951882846 0.62890625 0.35987349633891214 0.640625 0.4309214827405858
0 0.3046875 0.40003105387029286 0.306640625 0.3073597672594142 0.3203125 0.2672022097280335 0.306640625 0.11892815115062762 0.2880859375 0.08031511506276151 0.283203125 0.2826474241631799 0.291015625 0.37840775366108786
0 0.482421875 0.4278324398535565 0.4921875 0.2795583812761506 0.4775390625 0.0834041579497908 0.462890625 0.14672953713389122 0.4609375 0.3938529680962343 0.46875 0.4247433969665272
0 0.390625 0.390763925209205 0.400390625 0.369140625 0.400390625 0.12819527981171547 0.390625 0.07877059361924686 0.3818359375 0.07722607217573221 0.37109375 0.13128432269874477 0.369140625 0.3104488101464435 0.37109375 0.35987349633891214
0 0.42578125 0.40003105387029286 0.447265625 0.3444282819037657 0.44140625 0.20851039487447698 0.44921875 0.09421580805439331 0.4345703125 0.07104798640167365 0.419921875 0.07877059361924686 0.4140625 0.38458583943514646
0 0.5625 0.43401052562761505 0.572265625 0.4154762683054393 0.580078125 0.19306518043933055 0.5693359375 0.07413702928870293 0.5546875 0.08803772228033473 0.548828125 0.16526379445606695 0.546875 0.4278324398535565
0 0.630859375 0.786161414748954 0.650390625 0.7367367285564853 0.65625 0.6656887421548117 0.658203125 0.5174146835774058 0.6455078125 0.4942468619246862 0.630859375 0.5019694691422594 0.6171875 0.5822845842050209 0.615234375 0.721291514121339
0 0.5625 0.9189902588912134 0.576171875 0.6317092703974896 0.572265625 0.4988804262552301 0.5537109375 0.47262356171548114 0.541015625 0.5174146835774058 0.53125 0.8880998300209205
0 0.484375 0.9653259021966527 0.49609375 0.8510313153765691 0.494140625 0.508147554916318 0.482421875 0.4525447829497908 0.4716796875 0.45100026150627615 0.458984375 0.5266818122384938 0.4609375 0.7985175862970711 0.466796875 0.946791644874477
0 0.404296875 0.9344354733263598 0.41796875 0.8633874869246861 0.4365234375 0.8927333943514645 0.447265625 0.8602984440376569 0.44140625 0.49579138336820083 0.4287109375 0.47262356171548114 0.416015625 0.4834352118200837 0.4091796875 0.6178085774058577 0.404296875 0.5019694691422594 0.3896484375 0.4633564330543933 0.375 0.4988804262552301 0.38671875 0.9128121731171548
0 0.3125 0.903545044456067 0.310546875 0.44636669717573224 0.2900390625 0.4355550470711297 0.283203125 0.46490095449790797 0.29296875 0.7151134283472803 0.287109375 0.8355861009414226 0.296875 0.8973669586820083
0 0.22265625 0.3938529680962343 0.23046875 0.38458583943514646 0.22265625 0.18688709466527198 0.2109375 0.11275006537656904 0.1962890625 0.1081165010460251 0.185546875 0.11892815115062762 0.1875 0.14364049424686193
0 0.232421875 0.7521819429916318 0.2421875 0.6656887421548117 0.232421875 0.5390379837866108 0.244140625 0.5174146835774058 0.234375 0.4494557400627615 0.2216796875 0.4262879184100418 0.1982421875 0.42319887552301255 0.1630859375 0.4664454759414226 0.1455078125 0.4355550470711297 0.146484375 0.6873120423640168 0.1669921875 0.7228360355648535
0 0.623046875 0.4772571260460251 0.65625 0.46181191161087864 0.2216796875 0.39848653242677823 0.1171875 0.3969420109832636 0.2158203125 0.4262879184100418
0 0.4609375 0.07259250784518828 0.4541015625 0.058691814853556484 0.3642578125 0.05251372907949791 0.1796875 0.05714729341004184 0.1845703125 0.06795894351464435
0 0.37109375 0.7707162003138075 0.37890625 0.7614490716527197 0.3681640625 0.7537264644351465 0.3203125 0.7583600287656904
0 0.283203125 0.7799833289748954 0.2763671875 0.759904550209205 0.15625 0.7521819429916318 0.2119140625 0.7753497646443515