1 0.3993050690104167 1 0.4018766888020833 0.9794691315104167 0.37545104296875004 0.9536922604166667 0.3679325455729167 0.903234078125 0.39314027864583334 0.8440345078124999 0.3987086080729167 0.7364458125 0.4217346640625 0.6788806497395834 0.43481825651041667 0.5744260533854166 0.4175974283854167 0.44359470833333337 0.39917054557291665 0.40130855338541666 0.3871702447916667 0.39452308984375 0.3795343763020833 0.4002435078125 0.30417826171875 0.9387258307291666 0.29090099088541665 1 0.3993050690104167 1
1 0.25701073177083333 1 0.3729753307291667 0.20007570572916666 0.3812120703125 0.11853330338541666 0.37320899479166664 0.07194381119791667 0.3763587486979167 0.04679733333333333 0.3870013372395833 0.02580008854166667 0.2351182161458333 0.015674548177083334 0.22073067057291665 0.137093765625 0.18776646223958335 0.21086827473958333 0.15019445572916665 0.25829654947916664 0.14583218098958334 0.2773400546875 0.07965824348958334 0.37949933203125 0.038956966145833334 0.7517932669270834 0.010365815104166667 0.9642712083333334 0.24138617447916666 1 0.25701073177083333 1
1 0.6160018710937499 0.19329547265625 0.6229108736979166 0.19337808723958336 0.6473928177083333 0.15575624479166666 0.6619355325520834 0.11856905208333333 0.66653901953125 0.08181650911458334 0.6636283203125 0.057704559895833334 0.5405983203125 0.037691268229166665 0.5310262981770834 0.090435828125 0.5329678424479166 0.12228515625000001 0.5786667630208333 0.15991593619791666 0.5866666041666667 0.15918134635416667 0.6002433984375 0.17705561328125 0.6096980507812501 0.18048965234375 0.6160018710937499 0.19329547265625
1 0.9172219114583333 0.3690350416666666 0.9110397747395833 0.36314939453125 0.8947978033854166 0.3665529166666666 0.8689816536458334 0.3911516119791667 0.8604993906249999 0.42730427734375004 0.8528635221354167 0.43302469661458337 0.8286217109375 0.4371628072916667 0.7963789791666667 0.42626081250000003 0.7783193033854167 0.4362845703125 0.7720176393229167 0.4550281354166667 0.7557767447916667 0.47420635026041663 0.7455995403645833 0.53967412109375 0.7334807903645834 0.5732925638020833 0.6971213059895834 0.6268238111979166 0.6830631679687501 0.6601423151041667 0.67022294140625 0.7784372604166667 0.6808911927083333 0.80374896484375 0.6806499830729167 0.8214580026041666 0.7040464791666667 0.8635268333333334 0.7348343997395833 0.87026019921875 0.7527756263020833 0.9006403489583333 0.7616240169270833 0.90102290234375 0.7739872122395833 0.8970195026041666 0.823680125 0.847522171875 0.84137475 0.8167378893229166 0.8831916614583334 0.8064447109375 0.8997965260416666 0.7922523255208334 0.9359115651041666 0.70910603515625 0.95311730078125 0.6190916653645834 0.9618321497395833 0.43903241276041666 0.9444971848958333 0.41170374869791665 0.9309214687499999 0.40960417708333335 0.9213451328125001 0.39924996354166664 0.9172219114583333 0.3690350416666666
0 0.77300943359375 0.7785593294270834 0.8028152630208334 0.6037337473958333 0.8238997747395834 0.5143192565104167 0.8242615911458334 0.48775569921875 0.8192919765625 0.4879730247395833 0.8154142773437499 0.5031478411458333 0.8142039114583333 0.5285942565104167 0.7826977486979166 0.65386147265625 0.77349077734375 0.72736655859375 0.74271255859375 0.8626054361979166 0.7499855338541667 0.8676738802083334 0.77300943359375 0.7785593294270834
0 0.7482679505208334 0.5657204140625 0.7432972578125 0.5501630455729166 0.7056175833333334 0.7957421653645834 0.69471027734375 0.8196888867187501 0.6990747083333333 0.8321947708333334 0.7085272044270834 0.804079421875 0.7179764661458333 0.7286399908854166 0.74366446484375 0.6024729583333334 0.7482679505208334 0.5657204140625
0 0.8183400703125 0.74810550390625 0.82100740234375 0.7583771028645834 0.8142200833333333 0.7652146640624999 0.8105868294270833 0.8100045221354167 0.8117982734375001 0.8003328007812499 0.8176164375 0.8012326171874999 0.82100955859375 0.7899264895833333 0.8294896640624999 0.7222244375 0.8496061002604166 0.6563220182291667 0.8740815768229168 0.5240520130208334 0.8761394140625001 0.48394804557291665 0.8672921015625 0.49934018489583337 0.8663240234375 0.5228522565104167 0.8437847018229166 0.6080981197916667 0.82633883203125 0.7315962200520834 0.8183400703125 0.74810550390625
0 0.9005082994791667 0.5656035794270834 0.89953914453125 0.5733409557291667 0.9034179205729167 0.5739408333333333 0.9191720807291667 0.5270819192708334 0.9306813346354167 0.44308790885416666 0.9257117200520834 0.44330523437499997 0.9150477812500001 0.48109230468749997 0.9005082994791667 0.5656035794270834
0 0.8733676458333334 0.7191513723958334 0.8835480872395833 0.7010076835937501 0.8950573411458334 0.6170136744791667 0.8893608606770833 0.62303403125 0.86900321484375 0.7066454895833334 0.8675494817708334 0.7182515546875 0.8733676458333334 0.7191513723958334
0 0.62787078515625 0.05118851822916667 0.6241136927083334 0.057508815104166666 0.6139364869791667 0.12297658463541666 0.61927007421875 0.12774509114583335 0.63368894921875 0.05208833463541667 0.62787078515625 0.05118851822916667
0 0.34993741666666667 0.08411923697916666 0.35588437890625 0.023725625 0.34646194140625 0.023097462239583335 0.339997109375 0.06877919270833334 0.34993741666666667 0.08411923697916666
0 0.33189511197916666 0.3737815872395833 0.3536628919270833 0.19999564322916666 0.35847023307291664 0.10933194401041667 0.2713532565104167 0.7012028528645833 0.24049224348958334 0.9241974986979167 0.23643144140625003 0.9955984778645833 0.24852151953125 0.9692407213541667 0.33189511197916666 0.3737815872395833
0 0.26584165755208333 0.43984285546874996 0.26244638020833333 0.4195995950520834 0.27116877604166667 0.34996319791666664 0.27819838281250003 0.34119129296875 0.2803757473958333 0.27645811197916664 0.31514441796875 0.021009627604166668 0.30623551692708334 0.020415700520833333 0.25614040364583335 0.37524438541666666 0.24499727734375 0.49577361328125 0.21737204817708333 0.6531900963541667 0.2181010703125 0.6789364505208333 0.18442077604166665 0.9162609296875001 0.18999773046875001 0.9348697851562501 0.2045393671875 0.8819078984375 0.24281991276041667 0.5605067942708334 0.2600267265625 0.48626711979166665 0.26584165755208333 0.43984285546874996
0 0.1822078359375 0.46042921484375005 0.19214167578125 0.3811210963541667 0.19649855989583334 0.28320412109375 0.19104329036458334 0.27151544140625 0.17759572526041667 0.37098420703124996 0.17735666927083335 0.4202426328125 0.15628078255208333 0.6358546744791667 0.15507365104166668 0.7086251705729167 0.12551550130208333 0.9603898776041667 0.1262434453125 0.9703615377604167 0.13181932161458335 0.97319569921875 0.15386867708333332 0.8129450559895833 0.15920118359375 0.8019388671875 0.15628725130208335 0.7305028372395833 0.17324962109375 0.6266481184895834 0.17882118489583332 0.56638350390625 0.17566927343750002 0.55998059375 0.181969859375 0.5254623346354167 0.18875717838541664 0.5186247734375 0.18245335807291665 0.5058189505208334 0.18790755208333332 0.5017329375 0.18366480338541666 0.49614722916666665 0.18681563541666668 0.48677544661458333 0.1822078359375 0.46042921484375005
0 0.12184667317708332 0.4846148411458333 0.12281690494791668 0.49265215625 0.12839278125 0.49548631770833335 0.1463210703125 0.33657014062499996 0.14159266666666667 0.31907842708333334 0.13613847395833334 0.32316444140625 0.13298872005208334 0.3483109166666667 0.12184667317708332 0.4846148411458333
0 0.09932136328125 0.77493172265625 0.12451723828125 0.5422105208333333 0.1188196796875 0.5324561848958334 0.10440188151041667 0.6238876341145834 0.10464740364583335 0.6692773710937501 0.09664864192708333 0.6857866536458334 0.06878543489583333 0.9082362565104166 0.06902988020833332 0.9378512994791667 0.07460575520833333 0.9406854609374999 0.08090741927083334 0.92194189453125 0.09932136328125 0.77493172265625
0 0.09592824348958334 0.7862378502604166 0.10332290234375001 0.7982264687499999 0.13859586067708332 0.8086112005208334 0.14926195572916667 0.8023735169270833 0.14720088411458335 0.7951534036458333 0.10913998828125 0.7833515924479166 0.09944304817708333 0.7818518984375 0.09592824348958334 0.7862378502604166
0 0.27544386588541664 0.8287897213541666 0.26780799609375 0.8345101393229166 0.26877823046875 0.84254745703125 0.27605120442708336 0.8476159010416667 0.2816260013020833 0.8346753684895832 0.27544386588541664 0.8287897213541666
0 0.23689839322916664 0.82085659765625 0.21253489583333332 0.8180745338541667 0.21241429166666667 0.8269290533854167 0.24235366276041667 0.8325452786458333 0.24477762760416666 0.8289765286458333 0.23689839322916664 0.82085659765625