1 0.05078125 0.9990234375 0.048828125 0.7412109375 0.0439453125 0.71875 0.033203125 0.7353515625 0 0.8330078125 0 0.9912109375 0.0029296875 1
1 0.46875 0.9990234375 0.4765625 0.9794921875 0.4765625 0.9541015625 0.447265625 0.9326171875 0.43359375 0.8837890625 0.451171875 0.8212890625 0.443359375 0.7138671875 0.458984375 0.6533203125 0.458984375 0.5478515625 0.42578125 0.4208984375 0.40234375 0.3818359375 0.3896484375 0.376953125 0.3828125 0.3837890625 0.375 0.9287109375 0.369140625 0.9951171875 0.3720703125 1
1 0.3359375 0.9990234375 0.3515625 0.1865234375 0.349609375 0.1044921875 0.3359375 0.0595703125 0.3359375 0.0341796875 0.34765625 0.0009765625 0.1923828125 0 0.193359375 0.1474609375 0.169921875 0.2255859375 0.138671875 0.2783203125 0.13671875 0.2978515625 0.083984375 0.4091796875 0.08984375 0.7841796875 0.087890625 0.9990234375
1 0.59765625 0.1416015625 0.6171875 0.1005859375 0.626953125 0.0615234375 0.626953125 0.0244140625 0.62109375 0.0009765625 0.4970703125 0 0.494140625 0.0537109375 0.5 0.0849609375 0.5498046875 0.115234375 0.5576171875 0.11328125 0.5732421875 0.12890625 0.5830078125 0.130859375 0.5908203125 0.142578125
1 0.822265625 0.8212890625 0.833984375 0.8154296875 0.876953125 0.7587890625 0.890625 0.7255859375 0.9306640625 0.708984375 0.9453125 0.6923828125 0.970703125 0.6044921875 0.9765625 0.5126953125 0.962890625 0.3330078125 0.9423828125 0.30859375 0.9287109375 0.30859375 0.91796875 0.2998046875 0.91015625 0.2705078125 0.9033203125 0.265625 0.8876953125 0.271484375 0.865234375 0.2998046875 0.861328125 0.3369140625 0.8544921875 0.34375 0.8310546875 0.3515625 0.7978515625 0.345703125 0.78125 0.3583984375 0.77734375 0.3779296875 0.763671875 0.3994140625 0.76171875 0.4658203125 0.75390625 0.5009765625 0.724609375 0.5595703125 0.71484375 0.5947265625 0.716796875 0.7138671875 0.73046875 0.7373046875 0.732421875 0.7548828125 0.7607421875 0.79296875 0.7919921875 0.794921875 0.8134765625 0.822265625
0 0.806640625 0.7900390625 0.818359375 0.6982421875 0.826171875 0.5205078125 0.8359375 0.4287109375 0.8330078125 0.40234375 0.828125 0.4033203125 0.826171875 0.4189453125 0.828125 0.4443359375 0.8125 0.5732421875 0.8125 0.6474609375 0.798828125 0.7861328125
0 0.751953125 0.7626953125 0.7578125 0.7333984375 0.7578125 0.6572265625 0.767578125 0.5283203125 0.767578125 0.4912109375 0.7607421875 0.4765625 0.75390625 0.7255859375 0.74609375 0.7509765625
0 0.859375 0.7236328125 0.859375 0.7138671875 0.865234375 0.7138671875 0.8671875 0.7021484375 0.8671875 0.6337890625 0.87890625 0.5654296875 0.88671875 0.4306640625 0.8837890625 0.390625 0.876953125 0.4072265625 0.87890625 0.4306640625 0.8671875 0.5185546875 0.865234375 0.6435546875 0.859375 0.6611328125 0.86328125 0.6708984375 0.857421875 0.6787109375
0 0.921875 0.4755859375 0.931640625 0.4267578125 0.9326171875 0.341796875 0.927734375 0.3427734375 0.921875 0.3818359375 0.91796875 0.4677734375 0.91796875 0.4755859375
0 0.91015625 0.6240234375 0.91796875 0.6044921875 0.9189453125 0.51953125 0.9140625 0.5263671875 0.904296875 0.6123046875 0.904296875 0.6240234375
0 0.5859375 0.0771484375 0.5908203125 0 0.5849609375 0 0.58203125 0.0068359375 0.580078125 0.0732421875
0 0.314453125 0.0751953125 0.3125 0.0009765625 0.3037109375 0 0.302734375 0.0615234375
0 0.32600305698536064 0.09886188087639991 0.31317811300750403 0.6984679226609671 0.31028389405026346 0.9240764105233312 0.3151076511953665 0.995422655039529 0.32379030806708825 0.9674626581891704 0.33247296493881007 0.36487585562933195 0.33247296493880996 0.18940261671512001
0 0.26171875 0.9423828125 0.26953125 0.8876953125 0.267578125 0.5634765625 0.275390625 0.4873046875 0.275390625 0.4404296875 0.26953125 0.4208984375 0.26953125 0.3505859375 0.275390625 0.3408203125 0.26953125 0.2763671875 0.2724609375 0 0.263671875 0.0009765625 0.2578125 0.3779296875 0.26171875 0.4990234375 0.25390625 0.6591796875 0.2578125 0.6845703125 0.25390625 0.9248046875
0 0.208984375 0.9892578125 0.2109375 0.8271484375 0.21484375 0.8154296875 0.203125 0.7451171875 0.20703125 0.6396484375 0.205078125 0.5791015625 0.201171875 0.5732421875 0.203125 0.5380859375 0.208984375 0.5302734375 0.201171875 0.5185546875 0.208984375 0.5107421875 0.2060546875 0.513671875 0.201171875 0.5087890625 0.203125 0.4990234375 0.1953125 0.4736328125 0.1953125 0.3935546875 0.1875 0.2958984375 0.1806640625 0.28515625 0.1796875 0.3857421875 0.185546875 0.4345703125 0.19140625 0.6513671875 0.19921875 0.7236328125 0.201171875 0.9775390625 0.203125 0.9873046875
0 0.146484375 0.5166015625 0.14453125 0.3564453125 0.1376953125 0.33984375 0.1328125 0.3447265625 0.1328125 0.3701171875 0.138671875 0.5068359375 0.140625 0.5146484375
0 0.1484375 0.9658203125 0.15234375 0.9462890625 0.15234375 0.7978515625 0.1484375 0.5634765625 0.1416015625 0.5546875 0.138671875 0.6474609375 0.14453125 0.6923828125 0.138671875 0.7099609375 0.138671875 0.9345703125 0.142578125 0.9638671875
0 0.1953125 0.8251953125 0.205078125 0.8173828125 0.2021484375 0.810546875 0.1630859375 0.8046875 0.1533203125 0.8046875 0.150390625 0.8095703125 0.1591796875 0.8203125
0 0.3359375 0.8427734375 0.33984375 0.8291015625 0.3330078125 0.82421875 0.326171875 0.8310546875 0.328125 0.8388671875
0 0.30078125 0.8330078125 0.302734375 0.8291015625 0.2939453125 0.822265625 0.26953125 0.8232421875 0.2705078125 0.83203125