1 0.3829020729166666 0.34546865885416667 0.2356958203125 0.8838500885416667 0.21300197786458333 0.9487370299479166 0.21458934635416668 0.9540027356770833 0.3085131770833333 0.9672652578125001 0.32108765755208335 0.9490770703125001 0.32759402734375 0.9239376197916668 0.30471347916666663 0.8983538307291666 0.30397895572916667 0.8479964934895833 0.33702619270833334 0.7887019361979166 0.3569835520833333 0.6811928723958333 0.38763790494791667 0.6235446549479167 0.41466435546874997 0.5191192473958334 0.4150254700520833 0.3885351223958333 0.40232651953125 0.3464094869791667 0.39127717187500005 0.33970646744791666 0.3829020729166666 0.34546865885416667
1 0.2809716432291667 0 0.25989896614583335 0.08359446875 0.21717062369791665 0.15749706510416667 0.17337906640625 0.20511036067708333 0.16648177213541668 0.22416093489583333 0.08685916666666667 0.32662625130208334 0 0.6841356158854167 0 0.9204007656250001 0.17983027083333333 0.9477177656250001 0.40317321874999995 0.14555505859375 0.42230139713541665 0.06404783203125 0.42056589453125 0.0175581015625 0.425110125 0 0.2809716432291667 0
1 0.58638030078125 0 0.5753514127604167 0.035041203124999996 0.57302076171875 0.06684445442708332 0.6135192591145834 0.10414872395833334 0.6215893307291667 0.1033647734375 0.632724578125 0.12113490885416667 0.64168606640625 0.12450602864583334 0.6462527096354167 0.13725870442708335 0.65312633984375 0.13729792317708334 0.6825605833333334 0.09956267317708334 0.702032359375 0.06232391145833333 0.7115416653645833 0.025581638020833335 0.7118703580729168 0.0015136028645833333 0.7024271289062499 0 0.58638030078125 0
1 0.9228773164062499 0.31092307812500003 0.9175051549479166 0.30508244791666667 0.9008645208333333 0.30858415494791663 0.8718448671875 0.33331848567708333 0.85855076953125 0.36948583203125 0.8501756692708334 0.3752480247395833 0.8254649622395833 0.37953368359375 0.7947957057291667 0.36884539843749997 0.7754571588541667 0.3789716875 0.7666674674479167 0.39773480078125 0.7479153111979167 0.4169944010416667 0.7290062591145833 0.48245626953125 0.712427859375 0.5161148854166667 0.6690272291666667 0.5698170546875 0.6505564322916667 0.6031882096354166 0.6219189466145834 0.7214377096354166 0.6291598385416667 0.7466555963541667 0.62654782421875 0.7643472955729167 0.6442280104166667 0.8062246861979167 0.6740058502604166 0.8127578997395833 0.6878153450520833 0.8429932486979167 0.6965813697916667 0.8433199309895834 0.7094372135416666 0.8392432981770833 0.7655841250000001 0.7894871744791666 0.78733922265625 0.7586247500000001 0.8303874973958334 0.7480804114583334 0.8488346289062499 0.7337990520833334 0.8959578164062499 0.6505148984375 0.9251580260416666 0.5604885052083334 0.9579563229166667 0.38056630859375 0.9443422929687499 0.3533753958333334 0.9310955221354167 0.35136315494791664 0.92293955078125 0.34107998958333335 0.9228773164062499 0.31092307812500003
0 0.7243274401041666 0.7209153606770834 0.7774416002604166 0.5460890598958333 0.8104266015625 0.45663759505208334 0.8143446223958333 0.43010004687500003 0.8093633867187501 0.4303482903645834 0.8034670729166667 0.4455312591145833 0.7988531002604167 0.47095817317708333 0.7506816041666666 0.5962895234375 0.7316629895833334 0.6697740703125 0.6828814401041666 0.8050619036458334 0.6894500429687499 0.8100793645833333 0.7243274401041666 0.7209153606770834
0 0.728177078125 0.5084581080729167 0.7253073671875 0.4929484583333333 0.6548715247395833 0.73850233203125 0.64079557421875 0.7624919296875 0.6434698216145833 0.7749571419270834 0.6566543567708333 0.7468124739583333 0.6761734609375 0.67139412109375 0.7186677708333334 0.5452003828124999 0.728177078125 0.5084581080729167
0 0.7735770559895833 0.6902098125 0.7748593997395834 0.7004537591145833 0.7671802526041667 0.7073265846354166 0.7575613815104166 0.7520915364583334 0.7600638307291666 0.7424225182291666 0.7657410169270834 0.74328490625 0.7706363528645833 0.7319695468749999 0.7881534973958333 0.6642864114583333 0.8170250156250001 0.5983280546874999 0.8591283984375 0.4660454388020833 0.86654984765625 0.42597126562500004 0.85567230078125 0.4414024765625 0.85155881640625 0.46489558593749997 0.8176823997395833 0.5501919817708333 0.78375865234375 0.6736679674479166 0.7735770559895833 0.6902098125
0 0.8798974231770833 0.5073871236979167 0.8778954635416666 0.5151223385416667 0.8816802552083334 0.5156972643229166 0.9036544791666666 0.4687894830729167 0.9263719869791666 0.38481274609375 0.9213907526041667 0.3850609908854166 0.9057037682291668 0.42287467968750003 0.8798974231770833 0.5073871236979167
0 0.8322886510416666 0.6609415807291666 0.8448631328124999 0.64275339453125 0.8675806393229166 0.5587766575520833 0.8610979361979166 0.5648263125 0.8296144036458334 0.6484763684895833 0.82661146484375 0.6600791901041666 0.8322886510416666 0.6609415807291666
0 0.6736551315104166 0 0.6725209752604168 0.0015657513020833332 0.6536119231770833 0.06702761979166667 0.6582881302083333 0.0717576171875 0.6815227682291667 0 0.6736551315104166 0
0 0.39191095963541667 0 0.38789467708333336 0.014605032552083334 0.39574562239583333 0.029866438802083336 0.4026791354166666 0 0.39191095963541667 0
0 0.33897429166666665 0.31933352213541666 0.38393945052083334 0.14559613671875 0.40087185026041666 0.054998819010416665 0.23479614453125 0.6467857174479167 0.17417955989583334 0.8697364192708333 0.160570796875 0.9410868424479166 0.17614825260416667 0.9146813606770833 0.33897429166666665 0.31933352213541666
0 0.35152913802083335 0 0.26329021874999997 0.32126960807291666 0.23604463932291667 0.44174037369791663 0.18743488932291666 0.5991624401041666 0.1847133125 0.62487681640625 0.11936826822916667 0.862159765625 0.12243344140625 0.8807138528645834 0.14401674088541666 0.8277171979166668 0.22520566145833332 0.5064182916666666 0.2522943489583333 0.43214979296874995 0.26430610416666667 0.3857385 0.26363381640625 0.36553807161458335 0.2816514518229167 0.2959211328125 0.28983108854166667 0.28711450260416665 0.30067006510416666 0.22243658593750001 0.36064111588541664 0 0.35152913802083335 0
0 0.17487792447916664 0.4424980364583333 0.17927276953125001 0.43311648046875 0.1782095546875 0.40682717838541665 0.19872963802083332 0.32754121875000003 0.21618454947916665 0.22970117317708336 0.21231385807291667 0.21805913151041667 0.18559243359375 0.31750629817708337 0.17875737369791667 0.36671378515625 0.12888018619791666 0.5822284036458333 0.11793164453125 0.654929 0.05476035807291666 0.9066109661458334 0.054150305989583335 0.9165674479166667 0.05932700130208333 0.9193636432291666 0.10276005598958333 0.7591453841145833 0.10954778645833334 0.7481174869791666 0.11621104817708333 0.6767757682291666 0.14702229166666667 0.57292528515625 0.16064508072916667 0.51268990234375 0.15836175911458333 0.5063135651041667 0.16926297265625 0.47179255729166664 0.17694211848958333 0.4649197330729167 0.17237547526041666 0.45216705598958334 0.17835768880208333 0.4480512044270833 0.17487792447916664 0.4424980364583333
0 0.11482175260416666 0.4313654127604167 0.11471218880208334 0.4393880911458334 0.11988888671874999 0.4421842838541667 0.15903666015624998 0.28332490364583335 0.15666743880208334 0.26588144921875 0.15068522395833334 0.26999730208333333 0.14417885677083334 0.29513675260416666 0.11482175260416666 0.4313654127604167
0 0.053495533854166666 0.7215144309895832 0.10976952604166666 0.48888304036458335 0.10539834505208334 0.4791748033854167 0.07878648307291666 0.5705992916666667 0.07295240364583333 0.6159391705729167 0.06277080729166666 0.632481015625 0.0052144739583333335 0.8548684609375 0.00149191796875 0.8844504453124999 0.006668614583333333 0.8872466393229167 0.0154583046875 0.8684835260416667 0.053495533854166666 0.7215144309895832
0 0.04860019921875 0.73282979296875 0.054363285156249996 0.7447592981770833 0.08812138020833334 0.754911875 0.09958531770833333 0.7486139752604166 0.09849843880208332 0.7414144674479166 0.062151994791666665 0.72986379296875 0.05269001692708333 0.7284264778645834 0.04860019921875 0.73282979296875
0 0.22178552083333333 0.7742111236979167 0.21341042057291668 0.77997331640625 0.21330085807291665 0.7879959947916667 0.21986945963541668 0.7930134557291666 0.22715768098958333 0.78005175390625 0.22178552083333333 0.7742111236979167
0 0.18443809635416666 0.7665280559895833 0.16053290494791667 0.7639016692708333 0.15922689973958334 0.7727475182291667 0.18830878645833335 0.7781700989583333 0.19120216276041668 0.7745899544270833 0.18443809635416666 0.7665280559895833