1 0.4560546875 0 0.458984375 0.0419921875 0.4697265625 0.072265625 0.5537109375 0.07421875 0.560546875 0.0693359375 0.5546875 0.0615234375 0.548828125 0.0244140625 0.5517578125 0
1 0.236328125 0.7158203125 0.234375 0.7880859375 0.2451171875 0.794921875 0.3505859375 0.78125 0.4658203125 0.7734375 0.4794921875 0.783203125 0.4931640625 0.783203125 0.5400390625 0.802734375 0.5888671875 0.8046875 0.6044921875 0.80078125 0.6240234375 0.78515625 0.6591796875 0.787109375 0.6611328125 0.783203125 0.6826171875 0.78125 0.697265625 0.7705078125 0.7021484375 0.748046875 0.7275390625 0.7421875 0.736328125 0.7509765625 0.716796875 0.5732421875 0.701171875 0.4912109375 0.6953125 0.3916015625 0.671875 0.3056640625 0.658203125 0.1826171875 0.6416015625 0.1015625 0.3388671875 0.09765625 0.33203125 0.1025390625 0.330078125 0.1337890625 0.296875 0.2607421875 0.294921875 0.3017578125 0.263671875 0.4931640625
0 0.2841796875 0.703125 0.2841796875 0.716796875 0.3759765625 0.70703125 0.5517578125 0.697265625 0.5927734375 0.69921875 0.6298828125 0.693359375 0.6865234375 0.6953125 0.701171875 0.6904296875 0.6884765625 0.69140625 0.68359375 0.6884765625 0.6826171875 0.677734375 0.6728515625 0.677734375 0.5830078125 0.6875 0.5107421875 0.6875
0 0.2705078125 0.64453125 0.2705078125 0.654296875 0.4443359375 0.654296875 0.5205078125 0.6484375 0.6416015625 0.6484375 0.6904296875 0.640625 0.693359375 0.6357421875 0.5341796875 0.6328125 0.4248046875 0.642578125
0 0.2841796875 0.58984375 0.2841796875 0.59375 0.3056640625 0.58984375 0.3740234375 0.59375 0.5869140625 0.578125 0.6376953125 0.578125 0.6904296875 0.57421875 0.7041015625 0.572265625 0.705078125 0.5673828125 0.6904296875 0.564453125 0.5107421875 0.57421875 0.4287109375 0.580078125 0.3505859375 0.587890625 0.3037109375 0.583984375
0 0.3042377557003985 0.5315582739554742 0.6829321248217797 0.5234952297622905 0.6969464486961563 0.5129195667458769 0.3094069923966068 0.5209227701298488 0.28995852744120926 0.5232094052756434
0 0.2939626162360712 0.4745695046176602 0.3297135044345316 0.473712018073513 0.6809300411472691 0.45341815241642064 0.6852201456363067 0.44398580043080127 0.365750382142448 0.4599922333671576 0.2819503236667657 0.46656628814948203
0 0.2845080510524377 0.41789801891830863 0.6663436858845411 0.40454141940002963 0.6526153515196205 0.41254463586820783 0.4309599703758207 0.4236919609421215 0.2956786580316863 0.42397779851297485
0 0.29994868947258096 0.37457845001735124 0.6643416545794699 0.3590782974894123 0.6603375395998882 0.368224838072591 0.38491283140366983 0.3779430014606509 0.32685342604693324 0.3819446227789463
0 0.30166431596370796 0.33082997449361207 0.48072518244865775 0.32420718675023 0.6677737381707001 0.3162039702820519 0.6703478008641227 0.3239213491793767 0.5610931573331098 0.33106707910340766 0.37061249183511746 0.3370694849124382 0.29853873641928463 0.3393561069740265
0 0.3055244755687438 0.29780416453941677 0.6537594142963236 0.2852854494803067 0.6368849858496288 0.3007202072749566 0.62716076646429 0.294717801465926 0.32199131635426376 0.3050076399956926
0 0.3025221292092715 0.26477835458522153 0.6606235814787839 0.24727023013538885 0.6557614456013946 0.2555592580060077 0.6291627977693611 0.25756006866515535 0.3717565284271008 0.2675640696240686 0.3394377238198705 0.27185150234480465 0.3025428252141465 0.2661349341066274
0 0.6546544665130938 0.2193142525703553 0.30883498719297503 0.23410575933151223 0.3208472797622805 0.24096565168468995 0.3851988470978456 0.2358207324198067 0.6345969126656622 0.22667421800504062 0.6483252470305828 0.22467340734589294 0.6577634769064656 0.21952848808100967
0 0.6482208671713674 0.18929078897563234 0.46470877489977047 0.192088918668299 0.314269128273996 0.2040937302863599 0.35202204777752755 0.21009613609539038 0.47900914065304256 0.20123543308306502 0.6042801917329426 0.19809132447732947 0.6468952471138633 0.19809132447732947
0 0.6405005479612959 0.1558360723986553 0.31970324317029725 0.17265255263956014 0.34086777610602953 0.17922662050609084 0.4918794541201556 0.1695084309496183 0.6251586827897794 0.16493517374223524 0.6371709753590848 0.16150522756564642
0 0.6362114817334782 0.13524855450513099 0.3331455880257617 0.13978223947531918 0.33514761933083276 0.1469279563151438 0.3525940529811593 0.14892875389008522 0.3651783507540965 0.14492715874020246 0.6263027455664824 0.1414972125636136 0.6397450380525074 0.13463732021043592
0 0.4598466652071011 0.022845561758815035 0.5307763840309506 0.02227391278552109 0.5204801332572602 0.03284957580193459 0.5113279190755531 0.029705454111992723 0.46442278539031445 0.02941962962534575
0 0.45907304652461267 0.03702893788810871 0.5339224781127246 0.03342123785943482 0.5273443004397205 0.04342523881834807 0.515046018360959 0.04056695469925948 0.4978856004048082 0.04199610330090692 0.48987739663036467 0.045711873964142724 0.47700708316325163 0.04199610330090692 0.46871288987935217 0.04199610330090692
0 0.4278367184865908 0.13407188926407612 0.4315011252256824 0.7585266590449518 0.4371180397402592 0.7494048011150637 0.43348918903275413 0.1347931815638995
0 0.5750062689596005 0.12319997273402601 0.6483739014408366 0.7159854472110633 0.6619686209393072 0.7378987883548532 0.6606530003330323 0.7159854472110632 0.5795231164788207 0.12687933707748247