1 0.4325696276041667 0 0.3467025455729167 0.019128606770833334 0.3560232291666667 0.04234122005208333 0.3602305794270833 0.07984320052083334 0.35664859374999996 0.08873363541666666 0.3645491484375 0.09203142447916667 0.44514422786458335 0.07205414192708333 0.44747034114583334 0.0401776171875 0.43942797005208334 0 0.4325696276041667 0
1 0.3681062109375 0.7922495976562499 0.3742581223958333 0.7817751028645833 0.4003389388020833 0.7820344361979167 0.4110267135416667 0.8029193841145833 0.4280306588541667 0.8102585677083334 0.44930013541666664 0.8075434856770833 0.45222509505208336 0.8109381289062499 0.4856606575520834 0.8014665716145833 0.50867877734375 0.8125237747395833 0.5248084010416666 0.8129768151041666 0.5714486276041667 0.80056365625 0.611528875 0.7714037955729167 0.6247335377604167 0.7684621927083333 0.6353417591145833 0.7559834062499999 0.7487153736979167 0.7388196432291667 0.8542149544270834 0.7294793359375 0.8627725364583334 0.7204920494791667 0.8416724609375 0.650337125 0.7560641796875 0.43877256380208335 0.6749917617187501 0.25856744531250003 0.6622003125 0.2189315078125 0.5963780520833334 0.1020920234375 0.586183046875 0.07199326822916667 0.5782824908854166 0.06869547786458334 0.2869320638020833 0.13764583984375 0.29244832421875 0.22037640364583333 0.31195886979166665 0.3434865078125 0.31217101953125 0.4324564635416666 0.33299561979166664 0.5309964153645833 0.33971471354166666 0.61447058203125 0.3681062109375 0.7922495976562499
0 0.7957157786458334 0.661586453125 0.7920807565104168 0.6482343971354166 0.56910628515625 0.6817214648437501 0.49931019921875003 0.6972699361979168 0.40994024348958336 0.7070632851562499 0.40050833984374995 0.7091644296875 0.4024212395833333 0.7198654466145834 0.39848422005208334 0.7237771731770833 0.3859631015625 0.7255549427083333 0.40140917968749995 0.7271718177083333 0.4555949309895833 0.7130777408854166 0.4929940299479167 0.7108157005208334 0.5320887356770834 0.7000834557291666 0.7044594427083334 0.67180003125 0.7957157786458334 0.661586453125
0 0.38309632552083334 0.6746040520833333 0.43233299739583336 0.67172807421875 0.5492886002604166 0.64567387890625 0.6244153138020833 0.6350072591145833 0.7923031940104166 0.5976068802083333 0.7897067486979167 0.5880696979166666 0.6401633867187501 0.6193603489583334 0.5319296236979166 0.63335598828125 0.37896853125 0.6704658033854166 0.38309632552083334 0.6746040520833333
0 0.7630005690104166 0.54141794921875 0.7619619908854167 0.537603078125 0.7415403177083334 0.5360830572916667 0.6973057578124999 0.54998342578125 0.619773375 0.5591628372395833 0.5389875208333333 0.5710901445312501 0.36284405208333337 0.6002140260416667 0.3494751302083334 0.6062268984375 0.35171654296875005 0.610785375 0.36544049739583334 0.6097512096354166 0.41741135416666664 0.6022198997395833 0.4664572513020833 0.5912939466145833 0.6762270572916668 0.5607484830729167 0.7412118033854167 0.5422255963541667 0.7630005690104166 0.54141794921875
0 0.3428484518229167 0.55128809375 0.35919567838541666 0.5586010833333334 0.7270926614583333 0.4849966822916667 0.7386641588541667 0.47377083463541664 0.71927234765625 0.47572216666666667 0.3428484518229167 0.55128809375
0 0.7313386523437501 0.4167297174479167 0.64865441796875 0.4283396341145833 0.3358461979166667 0.4814438606770833 0.3424975325520833 0.48973251953125 0.68710756640625 0.43398488541666663 0.7218647213541667 0.4271302513020833 0.7313386523437501 0.4167297174479167
0 0.7067562018229167 0.37809122916666665 0.7159286067708334 0.36975023437500004 0.3435902760416667 0.43886077473958335 0.3589773333333333 0.4437230260416667 0.5760218723958334 0.40691882942708335 0.7067562018229167 0.37809122916666665
0 0.6654711588541666 0.34374879036458333 0.6894979895833333 0.33076618229166665 0.3334363385416667 0.39403039713541665 0.33973546744791666 0.40210146354166665 0.6083318880208334 0.35233267838541665 0.6654711588541666 0.34374879036458333
0 0.6762093216145834 0.28841022135416666 0.5015066783854166 0.32046859765624996 0.31872228645833334 0.35289744401041667 0.31828805338541666 0.36098812369791666 0.4257090052083334 0.3444597708333333 0.6112762539062501 0.30933847265625 0.681494984375 0.29606441536458333 0.6762093216145834 0.28841022135416666
0 0.6497114192708333 0.26756543880208333 0.6637003046875 0.25698750911458335 0.32403720572916667 0.31968690234375 0.34443871484375 0.33112994791666667 0.35223473177083336 0.3231757174479167 0.6497114192708333 0.26756543880208333
0 0.6578192825520833 0.22408827864583333 0.3073002734375 0.28403782942708333 0.31420010937500004 0.29108683203125 0.340421765625 0.28731794791666665 0.5916914908854166 0.241705109375 0.6240457877604166 0.238938625 0.6581599752604167 0.22541757682291666 0.6578192825520833 0.22408827864583333
0 0.6435670481770833 0.19549144791666664 0.3056325833333333 0.2554515130208333 0.30268677734375 0.25632966276041663 0.31317038281250004 0.2593235260416667 0.3269615455729167 0.2583237825520833 0.57026874609375 0.21359654036458334 0.6337891328124999 0.20477540104166667 0.6435670481770833 0.19549144791666664
0 0.48184867968749995 0.18799485937500002 0.3038638072916667 0.22474613671875 0.3074839778645833 0.23305558854166666 0.34864274609375 0.22388665234375002 0.4704688411458333 0.20000424088541668 0.5954722395833333 0.18133547916666667 0.63033912890625 0.16735067057291667 0.48184867968749995 0.18799485937500002
0 0.3071485768229167 0.1952330859375 0.3196623125 0.19599826302083334 0.4496028971354167 0.17178855208333332 0.5980378723958334 0.14878815625 0.6167312604166667 0.13781416796874998 0.3024254934895833 0.19041292838541668 0.3071485768229167 0.1952330859375
0 0.5950088554687499 0.10860499218750001 0.30109426302083336 0.16938417838541667 0.29751894661458334 0.16954751302083335 0.31232575520833333 0.1733547291666667 0.5654386627604167 0.12052163932291667 0.57865684375 0.12172202473958334 0.5949751145833333 0.11601430338541667 0.5950088554687499 0.10860499218750001
0 0.4388750377604167 0.029069276041666665 0.44154689062499997 0.021664404947916664 0.37288907161458335 0.036367171875 0.3856452825520833 0.04448013020833333 0.39364879166666666 0.03944039322916667 0.4388750377604167 0.029069276041666665
0 0.43006456640624996 0.04405915755208333 0.4380753229166667 0.04227460026041666 0.4460650911458333 0.035349546875 0.3728142955729166 0.04793063802083333 0.3818275 0.05628527734375 0.39294556380208334 0.05084779036458333 0.40989953255208333 0.0485513203125 0.41862200520833337 0.050457147135416665 0.43006456640624996 0.04405915755208333
0 0.4967678359375 0.12532229036458334 0.6566734674479167 0.726337390625 0.66452371875 0.7340373463541666 0.5020353684895833 0.123401703125 0.4967678359375 0.12532229036458334
0 0.43644755338541663 0.7634787591145833 0.44375146875 0.7391530234375 0.3570044752604167 0.14444869921875 0.3536202369791666 0.14901382682291667 0.431891984375 0.7417949609375 0.43644755338541663 0.7634787591145833