1 0.4729383684895833 0.09314236067708333 0.5570095481770834 0.098828125 0.56362847265625 0.09424913151041665 0.5574218750000001 0.08617621484375 0.5499131940104166 0.048806423177083336 0.5517578125 0.024522569010416665 0.4560546875 0.020269097656250002 0.4608506940104167 0.06239149348958333 0.4729383684895833 0.09314236067708333
1 0.69594183984375 0.8125868059895834 0.7173394101562499 0.8115885416666666 0.7315104166666666 0.8014973958333332 0.73539496484375 0.77925347265625 0.7605251731770833 0.7745225690104167 0.7697048606770833 0.7837022565104167 0.7422743059895834 0.6050998268229166 0.72300347265625 0.5223741315104167 0.7127170143229167 0.42250433984375 0.6854600690104166 0.33552517317708336 0.6663194440104167 0.21187066015625 0.6461154518229166 0.13007812500000002 0.34320746484375 0.11271701432291666 0.3365885416666667 0.11729600651041666 0.3360243059895833 0.14845920182291666 0.3084635416666667 0.27393663151041664 0.30833333333333335 0.31486545182291664 0.28559027734375003 0.5048828125 0.26814236067708336 0.7263237851562501 0.2694010416666667 0.7985026041666666 0.2804470481770833 0.80581597265625 0.38530816015625 0.79683159765625 0.5001953124999999 0.7941406249999999 0.51430121484375 0.8045138893229167 0.52797308984375 0.8051215273437501 0.5757161458333333 0.8267361106770833 0.6246310768229166 0.8308593750000001 0.64008246484375 0.8276475690104167 0.6589192708333333 0.812890625 0.6941623268229167 0.81640625 0.69594183984375 0.8125868059895834
0 0.6135633684895833 0.7134114583333333 0.5412977434895833 0.7101996523437499 0.3154296875 0.7157552083333334 0.3160373268229167 0.7294270833333334 0.4074001731770833 0.7237413190104167 0.5827473958333333 0.7217881940104167 0.6238498268229167 0.7255642356770834 0.66069878515625 0.7213541666666666 0.71742621484375 0.7258246523437499 0.7318576393229167 0.7215928815104166 0.7192057291666667 0.7220052083333334 0.7141927083333334 0.7188585065104167 0.71273871484375 0.7080729166666666 0.70297308984375 0.7076388893229167 0.6135633684895833 0.7134114583333333
0 0.5493272565104167 0.6715711809895833 0.6704210065104167 0.6769531249999999 0.71890191015625 0.6713107643229167 0.7216145833333334 0.66655816015625 0.5623046875000001 0.6565538190104167 0.45336371484375 0.6614583333333334 0.2991536458333333 0.6565538190104167 0.29958767317708335 0.6663194440104167 0.4734157981770833 0.6740451393229167 0.5493272565104167 0.6715711809895833
0 0.37671441015625 0.60347222265625 0.32966579817708336 0.5974826393229167 0.31039496484375 0.6024739583333333 0.31056857682291666 0.6063802083333333 0.33187933984375 0.6034288190104167 0.40041232682291666 0.6103732643229166 0.6126085065104167 0.6042100690104167 0.6633897565104167 0.6064670143229166 0.7159505208333333 0.6049045143229167 0.72953558984375 0.60355902734375 0.7302951393229167 0.5987196184895833 0.7155164934895833 0.5951388893229167 0.5362630208333333 0.59691840234375 0.45449218750000003 0.5991319440104167 0.37671441015625 0.60347222265625
0 0.719742875 0.5438949635416667 0.3325591158854167 0.5346741914062499 0.31321227864583334 0.5360964505208333 0.32786256770833333 0.5450799518229167 0.7061985794270833 0.5538477682291666 0.719742875 0.5438949635416667
0 0.31505459375 0.48763451041666667 0.35076737109375 0.48836595182291664 0.7010819596354166 0.4836817096354167 0.70495284765625 0.4744400299479166 0.38619448046875 0.47624780598958333 0.30268660416666665 0.4790974127604167 0.31505459375 0.48763451041666667
0 0.3145221158854167 0.43711907161458335 0.44979072395833336 0.4428457369791667 0.6709506692708334 0.44154976171875 0.6843233046875 0.4341566940104167 0.3030812955729167 0.4305428216145833 0.3145221158854167 0.43711907161458335
0 0.3438287421875 0.39647144140625 0.4017102981770833 0.39505023828124997 0.6767030872395834 0.39757317317708335 0.6803006901041666 0.3886045924479167 0.31659662109375003 0.38790950390624995 0.3438287421875 0.39647144140625
0 0.6847443046875 0.35371458463541666 0.6818272486979167 0.34588280338541666 0.49513439062500003 0.34557275000000004 0.31636787109375003 0.34423727734375004 0.31362123046875 0.35262449479166663 0.38559335807291667 0.35354115104166667 0.57580725 0.35600455338541664 0.6847443046875 0.35371458463541666
0 0.3355472109375 0.3193183658854167 0.6402593359375001 0.32259161458333335 0.6502503281249999 0.32902620703125 0.6664387669270834 0.3143414231770833 0.31876021614583333 0.31138302994791667 0.3355472109375 0.3193183658854167
0 0.6406099127604167 0.2855228606770833 0.6671196341145834 0.28470421093750004 0.6716133697916667 0.2766312786458333 0.3142900559895833 0.2782237825520833 0.31437104427083334 0.27958128125 0.35152001302083336 0.2869376236979167 0.383648265625 0.28408658203125 0.6406099127604167 0.2855228606770833
0 0.6583107317708333 0.25348786328125 0.6675202981770832 0.24876242057291667 0.664401765625 0.24841000651041667 0.31923968750000004 0.24783175911458333 0.33155686458333333 0.25522552994791664 0.39567976953125 0.25294068098958333 0.6446713229166666 0.25487852473958333 0.6583107317708333 0.25348786328125
0 0.61308425 0.22494822135416667 0.6556993059895834 0.22684222395833334 0.6566337916666667 0.21810060546875 0.4732460598958333 0.21274264322916667 0.3233399609375 0.21806124739583332 0.3613596536458333 0.22574156119791666 0.4879529375 0.22252472916666666 0.61308425 0.22494822135416667
0 0.6474265963541667 0.18430276432291667 0.32737669010416665 0.18686158463541666 0.3488334036458333 0.19437629947916668 0.49941316276041664 0.19136973958333334 0.6324891341145834 0.19272000390625 0.6443489856770833 0.1898239375 0.6474265963541667 0.18430276432291667
0 0.63259151171875 0.16933288932291668 0.6457289192708333 0.16307043359375 0.6422225286458333 0.16352462109375002 0.3393581328125 0.15458870963541668 0.3416777513020834 0.16182340494791667 0.359213109375 0.16459960026041667 0.3716195572916667 0.16115730729166666 0.63259151171875 0.16933288932291668
0 0.46573032421875 0.05006064322916667 0.5126481614583334 0.05243113932291666 0.5219401145833333 0.05598202604166667 0.5317663359375 0.04586397395833333 0.4608620234375 0.043283191406250004 0.46573032421875 0.05006064322916667
0 0.49190903645833334 0.06748420182291666 0.49975209375 0.0641243515625 0.5168489934895834 0.06345788802083334 0.5292743111979167 0.06686276302083334 0.5354078658854167 0.057151126302083334 0.46071877734375 0.05743218359375 0.4705793828125 0.06282778645833333 0.47887357682291665 0.06319641796875 0.49190903645833334 0.06748420182291666
0 0.43379546875 0.15308685416666667 0.46521342057291665 0.7777044869791667 0.4704249205729167 0.76883226953125 0.4394799973958334 0.1540593671875 0.43379546875 0.15308685416666667
0 0.6947641223958333 0.7673196158854166 0.6924745755208334 0.7453478020833333 0.5851621979166667 0.15263592057291667 0.58048182421875 0.14875580729166668 0.6801954765625 0.7448020638020832 0.6947641223958333 0.7673196158854166