1 0.0869140625 0 0.087890625 0.0576171875 0.109375 0.0947265625 0.111328125 0.1494140625 0.1181640625 0.158203125 0.119140625 0.0400390625 0.126953125 0.0009765625
1 0.0791015625 0.384765625 0.076171875 0.3896484375 0.091796875 0.4111328125 0.091796875 0.4521484375 0.076171875 0.6611328125 0.0859375 0.6962890625 0.1005859375 0.70703125 0.1162109375 0.70703125 0.1328125 0.7001953125 0.134765625 0.5966796875 0.126953125 0.5732421875 0.123046875 0.5732421875 0.115234375 0.3935546875
1 0.451171875 0.2236328125 0.453125 0.3017578125 0.4453125 0.4052734375 0.4521484375 0.4140625 0.4697265625 0.416015625 0.4765625 0.4111328125 0.482421875 0.3935546875 0.484375 0.3447265625 0.4921875 0.3173828125 0.478515625 0.2939453125 0.478515625 0.2197265625 0.4658203125 0.2109375 0.4560546875 0.2109375
1 0.76953125 0.0068359375 0.7734375 0.4482421875 0.75390625 0.4677734375 0.759765625 0.4814453125 0.76953125 0.4873046875 0.767578125 0.6669921875 0.771484375 0.7080078125 0.767578125 0.7216796875 0.7548828125 0.720703125 0.7490234375 0.734375 0.71875 0.7255859375 0.7294921875 0.748046875 0.765625 0.7568359375 0.76953125 0.8271484375 0.7646484375 0.84375 0.7353515625 0.845703125 0.732421875 0.8505859375 0.7353515625 0.85546875 0.7626953125 0.857421875 0.7734375 0.8681640625 0.7783203125 1 0.9189453125 1 0.919921875 0.9814453125 0.9033203125 0.958984375 0.8740234375 0.947265625 0.8310546875 0.953125 0.8115234375 0.9453125 0.802734375 0.9306640625 0.806640625 0.8740234375 0.8271484375 0.873046875 0.83203125 0.8642578125 0.83203125 0.8544921875 0.814453125 0.8212890625 0.8125 0.7822265625 0.8212890625 0.775390625 0.8349609375 0.779296875 0.8447265625 0.771484375 0.8564453125 0.771484375 0.9052734375 0.787109375 0.908203125 0.8271484375 0.9130859375 0.828125 0.9140625 0.7568359375 0.9091796875 0.748046875 0.8837890625 0.73828125 0.8779296875 0.73828125 0.8720703125 0.748046875 0.8486328125 0.74609375 0.8232421875 0.720703125 0.8154296875 0.71875 0.810546875 0.7041015625 0.810546875 0.6923828125 0.8154296875 0.6875 0.8505859375 0.697265625 0.8671875 0.6865234375 0.8671875 0.6748046875 0.8486328125 0.654296875 0.8369140625 0.658203125 0.8076171875 0.65625 0.796875 0.6416015625 0.796875 0.5634765625 0.8046875 0.4970703125 0.8134765625 0.490234375 0.8232421875 0.490234375 0.8369140625 0.513671875 0.8505859375 0.515625 0.86328125 0.4833984375 0.8603515625 0.470703125 0.8154296875 0.46484375 0.798828125 0.4404296875 0.830078125 0.4189453125 0.828125 0.4111328125 0.8359375 0.4052734375 0.8349609375 0.392578125 0.8681640625 0.388671875 0.873046875 0.3837890625 0.873046875 0.3701171875 0.8662109375 0.36328125 0.8388671875 0.36328125 0.822265625 0.3544921875 0.806640625 0.2841796875 0.8046875 0.1982421875 0.810546875 0.1845703125 0.810546875 0.1533203125 0.796875 0.1318359375 0.802734375 0.0185546875 0.7939453125 0 0.7724609375 0
1 0.875 0.1669921875 0.873046875 0.1787109375 0.8798828125 0.201171875 0.9013671875 0.197265625 0.91015625 0.1904296875 0.90625 0.1689453125 0.8935546875 0.158203125 0.8857421875 0.158203125
1 0.8330078125 0.064453125 0.83203125 0.0810546875 0.8388671875 0.087890625 0.8583984375 0.09765625 0.8779296875 0.09765625 0.884765625 0.0927734375 0.880859375 0.0673828125 0.8642578125 0.0546875 0.8564453125 0.052734375 0.8447265625 0.0625
1 0.705078125 0.4423828125 0.703125 0.4619140625 0.712890625 0.4775390625 0.7255859375 0.484375 0.736328125 0.4658203125 0.734375 0.4462890625 0.7275390625 0.4375 0.7177734375 0.435546875
1 0.3330078125 0.591796875 0.3359375 0.6240234375 0.3564453125 0.638671875 0.3681640625 0.63671875 0.373046875 0.6298828125 0.37109375 0.5966796875 0.3505859375 0.587890625
1 0.3349609375 0.701171875 0.3369140625 0.716796875 0.3681640625 0.73046875 0.3994140625 0.73046875 0.412109375 0.7255859375 0.412109375 0.7138671875 0.4052734375 0.708984375 0.3720703125 0.70703125 0.3623046875 0.697265625
1 0.1630859375 0.701171875 0.1630859375 0.712890625 0.1865234375 0.712890625 0.185546875 0.7177734375 0.1943359375 0.724609375 0.201171875 0.7197265625 0.2001953125 0.712890625 0.2333984375 0.716796875 0.2392578125 0.712890625 0.2529296875 0.71484375 0.263671875 0.7080078125 0.2578125 0.6865234375 0.2373046875 0.681640625 0.2041015625 0.69921875
1 0.30859375 0.9033203125 0.3046875 0.9111328125 0.3046875 0.9638671875 0.3232421875 1 0.3583984375 1 0.34375 0.9833984375 0.3466796875 0.978515625 0.3642578125 0.96875 0.3974609375 0.970703125 0.416015625 0.9501953125 0.4052734375 0.9296875 0.3681640625 0.931640625 0.3642578125 0.927734375 0.3408203125 0.93359375 0.3212890625 0.896484375 0.3134765625 0.896484375
0 0.1044921875 0 0.103515625 0.0810546875 0.1123046875 0.083984375 0.11328125 0.0009765625
0 0.10546875 0.3916015625 0.107421875 0.4814453125 0.09765625 0.4892578125 0.10546875 0.4931640625 0.10546875 0.5810546875 0.1015625 0.5849609375 0.109375 0.5908203125 0.10546875 0.6259765625 0.107421875 0.7021484375 0.1142578125 0.70703125 0.1171875 0.6103515625 0.11328125 0.5927734375 0.119140625 0.5869140625 0.119140625 0.4873046875 0.115234375 0.4775390625 0.115234375 0.3935546875
0 0.162109375 0.7041015625 0.1630859375 0.71875 0.1826171875 0.71484375 0.1923828125 0.724609375 0.2060546875 0.716796875 0.2509765625 0.716796875 0.2578125 0.7080078125 0.2470703125 0.701171875 0.2412109375 0.705078125
0 0.32421875 0.9091796875 0.32421875 0.9345703125 0.314453125 0.9443359375 0.3193359375 0.951171875 0.3623046875 0.953125 0.40625 0.9462890625 0.4033203125 0.939453125 0.3330078125 0.94140625 0.330078125 0.9150390625
0 0.451171875 0.2197265625 0.44921875 0.4013671875 0.4580078125 0.408203125 0.45703125 0.3251953125 0.4599609375 0.318359375 0.470703125 0.3154296875 0.4619140625 0.3125 0.458984375 0.3056640625 0.45703125 0.2236328125 0.466796875 0.2158203125 0.4560546875 0.2109375
0 0.3349609375 0.595703125 0.33203125 0.6025390625 0.3388671875 0.607421875 0.3564453125 0.611328125 0.37109375 0.6083984375 0.3681640625 0.6015625
0 0.3369140625 0.705078125 0.3369140625 0.7109375 0.3505859375 0.71484375 0.41015625 0.7177734375 0.4052734375 0.7109375 0.3525390625 0.703125
0 0.767578125 0.0009765625 0.765625 0.2666015625 0.771484375 0.2900390625 0.7715368270391258 0.3522998919671702 0.7652673523819762 0.3564769515060345 0.7713278573058332 0.3608628506371401 0.7740446169019858 0.46034817315932147 0.7587890625 0.458984375 0.7578125 0.4638671875 0.7778063016962756 0.4693288205742752 0.776343437031553 0.47747406181775703 0.76953125 0.4814453125 0.771484375 0.6396484375 0.767578125 0.6650390625 0.7734375 0.7333984375 0.7685546875 0.7421875 0.7529296875 0.740234375 0.734375 0.7451171875 0.771484375 0.7529296875 0.7734375 0.8017578125 0.7747357255221763 0.84264512082221 0.7568359375 0.845703125 0.7275390625 0.845703125 0.7265625 0.8505859375 0.7587890625 0.85546875 0.7734375 0.8642578125 0.77734375 0.8740234375 0.7756514823597991 1 0.7838937969693643 1 0.78515625 0.8564453125 0.8291015625 0.859375 0.830078125 0.8544921875 0.8154296875 0.84765625 0.7861328125 0.845703125 0.779296875 0.8154296875 0.78125 0.7509765625 0.9103011866954277 0.758881723921443 0.9063305321678451 0.7511541809834466 0.783203125 0.7412109375 0.779296875 0.7216796875 0.7811500087581433 0.7035358475600146 0.78125 0.6728515625 0.7870015439487075 0.6690752115298993 0.863071157033512 0.6759673387359225 0.8478154481230599 0.6632273396480911 0.78515625 0.6591796875 0.787109375 0.6416015625 0.779296875 0.6201171875 0.779296875 0.5966796875 0.7801051218258427 0.5779678415959264 0.7941069358048649 0.5792209556333852 0.7924350631410128 0.570449157371174 0.7796871440934207 0.5698226003524446 0.779296875 0.5595703125 0.77734375 0.4853515625 0.779296875 0.4716796875 0.861190314636367 0.48102455477739053 0.8616082923687892 0.4755943907615689 0.7819859642229877 0.46243669336825216 0.7792691663609984 0.45784194508440396 0.779296875 0.4482421875 0.7759254592991307 0.36295136128556943 0.8737292639506666 0.3715143199555393 0.8659969246287941 0.3650398910550015 0.8432178078639256 0.36587530678697505 0.7767613764981385 0.35459728044984634 0.7734375 0.2861328125 0.7752985118334158 0.2722855805305699 0.787109375 0.2783203125 0.7882554388801374 0.26769082268622024 0.7802734375 0.26953125 0.7734375 0.2646484375 0.7740446169019858 0.16594393843109345 0.7867925359495781 0.1640642673749054 0.7872105136820001 0.15967836824379975 0.7738356471686929 0.15967836824379975 0.7748805341009936 0.06252622271201987 0.7861655884838631 0.059811135923858304 0.7867925359495781 0.055842935098238046 0.7742535866352785 0.054589821060779364 0.7734375 0.0009765625
0 0.8349609375 0.06640625 0.833984375 0.0673828125 0.833984375 0.0712890625 0.8369140625 0.07421875 0.8388671875 0.07421875 0.8447265625 0.078125 0.8505859375 0.078125 0.8564453125 0.08203125 0.8623046875 0.08203125 0.8642578125 0.083984375 0.8681640625 0.083984375 0.8701171875 0.0859375 0.8720703125 0.0859375 0.8740234375 0.087890625 0.8779296875 0.087890625 0.8798828125 0.08984375 0.884765625 0.0849609375 0.884765625 0.0830078125 0.8798828125 0.078125 0.8740234375 0.078125 0.8720703125 0.076171875 0.8701171875 0.078125 0.8681640625 0.078125 0.8662109375 0.076171875 0.8603515625 0.076171875 0.8583984375 0.07421875 0.8544921875 0.07421875 0.8486328125 0.0703125 0.8447265625 0.0703125 0.8388671875 0.06640625
0 0.8766782967314741 0.1709063036868115 0.9021508696411331 0.17493651216178852 0.9021508696411331 0.18308175340527036 0.886268213264966 0.18141094106232625 0.8743562114163815 0.17639848491249133
0 0.7065958402861064 0.4509597610015401 0.72115068183914 0.45155644179943827 0.7335481320443038 0.4559813683014278 0.733326762034526 0.46129126389930003 0.726463886366077 0.45753007434704446 0.7160588473219809 0.4562026004475765 0.7027758360046384 0.45465389440195986 0.7063179588437519 0.45045022030176307
1 0.7021484375 0.560546875 0.69921875 0.5634765625 0.69921875 0.5673828125 0.70703125 0.5751953125 0.70703125 0.5771484375 0.7119140625 0.58203125 0.7138671875 0.58203125 0.7158203125 0.583984375 0.7314453125 0.583984375 0.734375 0.5810546875 0.734375 0.5654296875 0.732421875 0.5634765625 0.73046875 0.5576171875 0.7255859375 0.552734375 0.7216796875 0.552734375 0.7197265625 0.5546875 0.7158203125 0.5546875 0.7119140625 0.55859375 0.7080078125 0.55859375 0.7060546875 0.560546875
1 0.6650390625 0.44140625 0.6640625 0.4423828125 0.6640625 0.4521484375 0.666015625 0.4541015625 0.6669921875 0.45703125 0.6708984375 0.45703125 0.6728515625 0.458984375 0.6748046875 0.45703125 0.6806640625 0.455078125 0.6875 0.4482421875 0.6875 0.4462890625 0.6845703125 0.443359375 0.6826171875 0.443359375 0.6806640625 0.44140625 0.6787109375 0.443359375 0.6767578125 0.443359375 0.6748046875 0.44140625
1 0.67578125 0.7353515625 0.67578125 0.7412109375 0.673828125 0.7431640625 0.673828125 0.7490234375 0.6806640625 0.755859375 0.6826171875 0.755859375 0.6865234375 0.759765625 0.6884765625 0.759765625 0.6923828125 0.763671875 0.6943359375 0.763671875 0.6962890625 0.765625 0.705078125 0.7568359375 0.705078125 0.7509765625 0.70703125 0.7490234375 0.70703125 0.7373046875 0.7041015625 0.734375 0.7021484375 0.734375 0.7001953125 0.73046875 0.6982421875 0.73046875 0.6962890625 0.728515625 0.6826171875 0.728515625
0 0.6787109375 0.740234375 0.67578125 0.7431640625 0.67578125 0.7470703125 0.6787109375 0.748046875 0.6806640625 0.75 0.7021484375 0.75 0.705078125 0.7470703125 0.705078125 0.7451171875 0.7021484375 0.7421875 0.7001953125 0.7421875 0.6982421875 0.740234375