1 0.724609375 0.4697265625 0.732421875 0.4619140625 0.736328125 0.4384765625 0.748046875 0.4326171875 0.7421875 0.4248046875 0.751953125 0.4208984375 0.75 0.4072265625 0.7578125 0.4033203125 0.7578125 0.3994140625 0.7412109375 0.384765625 0.6884765625 0.392578125 0.685546875 0.4033203125 0.673828125 0.4150390625 0.6796875 0.4228515625 0.67578125 0.4345703125 0.681640625 0.4404296875 0.66796875 0.4521484375 0.6845703125 0.453125 0.6875 0.4560546875 0.685546875 0.4599609375 0.6923828125 0.4609375 0.6962890625 0.46875
1 0.935546875 0.6826171875 0.9716796875 0.671875 1 0.6767578125 1 0.5673828125 0.9931640625 0.560546875 0.9853515625 0.560546875 0.9814453125 0.564453125 0.9345703125 0.564453125 0.9150390625 0.5703125 0.9072265625 0.5703125 0.8974609375 0.564453125 0.8935546875 0.56640625 0.8896484375 0.5625 0.8720703125 0.5625 0.8623046875 0.56640625 0.8564453125 0.576171875 0.84375 0.5810546875 0.84375 0.6005859375 0.8515625 0.6064453125 0.8447265625 0.609375 0.8408203125 0.6171875 0.8251953125 0.619140625 0.810546875 0.6298828125 0.8271484375 0.638671875 0.8564453125 0.63671875 0.8623046875 0.646484375 0.8681640625 0.642578125 0.8779296875 0.646484375 0.9091796875 0.67578125
1 0.95703125 0.4892578125 1 0.4775390625 1 0.3974609375 0.9833984375 0.388671875 0.953125 0.3896484375 0.953125 0.3310546875 0.9580078125 0.326171875 0.96484375 0.3271484375 0.958984375 0.3154296875 0.962890625 0.3115234375 0.962890625 0.3017578125 0.9560546875 0.291015625 0.9404296875 0.2890625 0.9375 0.2783203125 0.9267578125 0.275390625 0.9033203125 0.2890625 0.89453125 0.3056640625 0.8896484375 0.306640625 0.8798828125 0.3203125 0.8720703125 0.322265625 0.869140625 0.3291015625 0.8515625 0.3447265625 0.8515625 0.3603515625 0.84375 0.3662109375 0.8359375 0.3896484375 0.833984375 0.4501953125 0.8466796875 0.46484375 0.9130859375 0.470703125 0.9326171875 0.486328125
1 0.3984375 0.4892578125 0.4013671875 0.486328125 0.4169921875 0.48828125 0.423828125 0.4677734375 0.4375 0.4521484375 0.427734375 0.4384765625 0.419921875 0.4052734375 0.40625 0.3837890625 0.40234375 0.3681640625 0.3896484375 0.361328125 0.3564453125 0.3515625 0.3388671875 0.353515625 0.3193359375 0.349609375 0.2998046875 0.3359375 0.2783203125 0.328125 0.271484375 0.3173828125 0.2568359375 0.306640625 0.2158203125 0.310546875 0.1689453125 0.296875 0.1337890625 0.294921875 0.1201171875 0.2890625 0.0869140625 0.2890625 0.0537109375 0.306640625 0 0.3134765625 0.0009765625 0.48046875 0.0126953125 0.484375 0.0400390625 0.484375 0.0458984375 0.48046875 0.0712890625 0.484375 0.1533203125 0.482421875 0.1708984375 0.48828125 0.1845703125 0.482421875 0.2138671875 0.484375 0.2626953125 0.470703125 0.2705078125 0.47265625 0.2783203125 0.470703125 0.2841796875 0.462890625 0.2900390625 0.46484375 0.2939453125 0.47265625 0.2978515625 0.470703125 0.3037109375 0.474609375 0.3076171875 0.482421875 0.3095703125 0.478515625 0.3193359375 0.4765625 0.3232421875 0.48046875 0.3251953125 0.4765625 0.3310546875 0.478515625 0.3408203125 0.47265625 0.3505859375 0.474609375 0.3701171875 0.48828125
0 0.0390625 0.4833984375 0.037109375 0.3701171875 0.033203125 0.3388671875 0.0263671875 0.3203125 0.01953125 0.3330078125 0.025390625 0.4736328125 0.013671875 0.4833984375
0 0.173828125 0.4873046875 0.181640625 0.4814453125 0.181640625 0.4677734375 0.173828125 0.4443359375 0.162109375 0.3466796875 0.1533203125 0.328125 0.1484375 0.3447265625 0.1484375 0.4111328125 0.154296875 0.4326171875 0.154296875 0.4638671875 0.16015625 0.4853515625 0.1630859375 0.48828125
0 0.3203125 0.4833984375 0.328125 0.4775390625 0.328125 0.4326171875 0.32421875 0.4287109375 0.3203125 0.3642578125 0.31640625 0.3544921875 0.3095703125 0.3515625 0.306640625 0.3564453125 0.310546875 0.4189453125 0.30859375 0.4814453125
0 0.376953125 0.4873046875 0.380859375 0.4345703125 0.376953125 0.4365234375 0.3740234375 0.44921875 0.37109375 0.4462890625 0.3671875 0.3876953125 0.3603515625 0.3828125 0.3515625 0.4228515625 0.353515625 0.4755859375 0.3583984375 0.484375
0 0.720703125 0.4736328125 0.72265625 0.3955078125 0.7177734375 0.392578125 0.7109375 0.4091796875 0.708984375 0.4697265625 0.7138671875 0.474609375
0 0.923828125 0.4697265625 0.927734375 0.4677734375 0.927734375 0.4306640625 0.94140625 0.3232421875 0.943359375 0.2880859375 0.9404296875 0.28125 0.935546875 0.2822265625 0.931640625 0.2939453125 0.91796875 0.4052734375 0.912109375 0.4267578125 0.91015625 0.4599609375 0.9189453125 0.470703125
0 0.94140625 0.6806640625 0.958984375 0.6748046875 0.9462890625 0.658203125 0.9248046875 0.654296875 0.9091796875 0.64453125 0.8994140625 0.64453125 0.8935546875 0.63671875 0.8857421875 0.638671875 0.8818359375 0.630859375 0.876953125 0.6318359375 0.8828125 0.6494140625 0.9111328125 0.67578125 0.9267578125 0.681640625
0 1 0.6376953125 0.9970703125 0.62109375 0.9697265625 0.62109375 0.966796875 0.6240234375 0.9892578125 0.63671875
0 1 0.5888671875 1 0.5654296875 0.9931640625 0.564453125 0.98828125 0.5751953125