1 0.033203125 0.0068359375 0.033203125 0.1650390625 0.044921875 0.2431640625 0.046875 0.4111328125 0.05078125 0.4501953125 0.0576171875 0.458984375 0.1064453125 0.478515625 0.1279296875 0.5 0.1845703125 0.515625 0.1904296875 0.5234375 0.2119140625 0.533203125 0.2392578125 0.5625 0.2568359375 0.564453125 0.2880859375 0.580078125 0.3662109375 0.6328125 0.4326171875 0.658203125 0.4423828125 0.669921875 0.48046875 0.6806640625 0.482421875 0.6884765625 0.5009765625 0.703125 0.5126953125 0.703125 0.5185546875 0.712890625 0.5244140625 0.712890625 0.5302734375 0.724609375 0.54296875 0.7216796875 0.5498046875 0.744140625 0.6337890625 0.775390625 0.6591796875 0.796875 0.7900390625 0.859375 0.796875 0.8759765625 0.8154296875 0.89453125 0.8974609375 0.9140625 1 0.9658203125 0.9990234375 0 0.6650390625 0 0.65625 0.0087890625 0.6484375 0.0400390625 0.6376953125 0.056640625 0.5791015625 0.052734375 0.5126953125 0.072265625 0.4482421875 0.0546875 0.439453125 0.0458984375 0.435546875 0.0185546875 0.4208984375 0 0.3642578125 0 0.353515625 0.0087890625 0.3203125 0.0615234375 0.3125 0.0966796875 0.3046875 0.1083984375 0.2939453125 0.1171875 0.2861328125 0.111328125 0.2744140625 0.130859375 0.2626953125 0.140625 0.2490234375 0.142578125 0.21875 0.1376953125 0.2158203125 0.09765625 0.1806640625 0.091796875 0.1689453125 0.078125 0.1591796875 0.078125 0.1533203125 0.0859375 0.1396484375 0.078125 0.1123046875 0.078125 0.099609375 0.0419921875 0.09375 0.0380859375 0.0908203125 0.01171875 0.0810546875 0.015625 0.0771484375 0.005859375 0.0595703125 0.001953125
0 0.177734375 0.1845703125 0.193359375 0.4248046875 0.20703125 0.5224609375 0.2138671875 0.53125 0.21875 0.5068359375 0.203125 0.3798828125 0.19921875 0.2607421875 0.1875 0.1962890625 0.18359375 0.1845703125
0 0.796875 0.2119140625 0.80078125 0.2587890625 0.775390625 0.3076171875 0.77734375 0.3193359375 0.771484375 0.3212890625 0.78515625 0.3349609375 0.787109375 0.3896484375 0.7890625 0.7373046875 0.78515625 0.7802734375 0.791015625 0.8193359375 0.791015625 0.8720703125 0.8056640625 0.890625 0.8134765625 0.892578125 0.822265625 0.3837890625 0.83984375 0.2490234375 0.8193359375 0.212890625 0.8017578125 0.20703125
0 0.5 0.1533203125 0.50390625 0.1806640625 0.494140625 0.1962890625 0.4921875 0.2392578125 0.515625 0.3076171875 0.515625 0.6396484375 0.529296875 0.7626953125 0.533203125 0.7763671875 0.5380859375 0.77734375 0.544921875 0.7587890625 0.537109375 0.6630859375 0.53515625 0.2216796875 0.5390625 0.1826171875 0.529296875 0.1591796875 0.5146484375 0.142578125 0.5107421875 0.140625
0 0.314453125 0.2470703125 0.310546875 0.2724609375 0.32421875 0.4892578125 0.333984375 0.5322265625 0.3427734375 0.537109375 0.345703125 0.5244140625 0.328125 0.2529296875 0.3212890625 0.23828125
0 0.2080078125 0.4140625 0.205078125 0.4208984375 0.2119140625 0.4375 0.2685546875 0.46484375 0.3212890625 0.482421875 0.3271484375 0.494140625 0.3330078125 0.482421875 0.3466796875 0.501953125 0.3564453125 0.501953125 0.4345703125 0.5390625 0.4521484375 0.541015625 0.5048828125 0.568359375 0.5146484375 0.568359375 0.5205078125 0.59375 0.5322265625 0.595703125 0.5439453125 0.583984375 0.6064453125 0.611328125 0.6201171875 0.625 0.6689453125 0.634765625 0.6982421875 0.650390625 0.703125 0.6474609375 0.701171875 0.6123046875 0.6904296875 0.607421875 0.6875 0.5966796875 0.6748046875 0.58984375 0.6689453125 0.580078125 0.6162109375 0.568359375 0.5615234375 0.541015625 0.5400390625 0.54296875 0.537109375 0.5166015625 0.5302734375 0.5078125 0.51953125 0.5087890625 0.5146484375 0.537109375 0.5068359375 0.525390625 0.4404296875 0.505859375 0.4130859375 0.486328125 0.3701171875 0.478515625 0.3505859375 0.46875 0.3310546875 0.470703125 0.3271484375 0.453125 0.3134765625 0.453125 0.2470703125 0.423828125
0 0.833984375 0.6845703125 0.8359375 0.6982421875 0.830078125 0.7138671875 0.8466796875 0.7265625 0.8603515625 0.7265625 0.9013671875 0.744140625 0.9208984375 0.74609375 0.9599609375 0.767578125 0.9775390625 0.7890625 1 0.7880859375 0.9990234375 0.716796875 0.9775390625 0.7109375 0.9619140625 0.697265625 0.9462890625 0.697265625 0.9345703125 0.69140625 0.9130859375 0.693359375 0.8955078125 0.669921875 0.8681640625 0.658203125 0.8525390625 0.669921875 0.8388671875 0.669921875
0 0.9965066161498282 0.49469436933987754 0.8310752709357213 0.4466756219459716 0.6785118209619171 0.40500090023381635 0.5473072539844455 0.3887376157623365 0.484247632583713 0.3592603690362097 0.43339318029822493 0.3734907720298011 0.4557691840001629 0.41414905300301214 0.5137432949902085 0.45582372818549305 0.5727344335685195 0.4466756219459717 0.7191953455433717 0.4639553471563957 0.8870151405145564 0.5259592093551564 1 0.5503541593272133
0 0.1591796875 0.5 0.15625 0.5068359375 0.1748046875 0.521484375 0.203125 0.5302734375 0.2021484375 0.515625 0.1748046875 0.5
0 0.84375 0.8564453125 0.84375 0.8662109375 0.8359375 0.8720703125 0.841796875 0.8759765625 0.8291015625 0.888671875 0.82421875 0.8857421875 0.8291015625 0.892578125 0.9033203125 0.91796875 1 0.9697265625 1 0.9345703125 0.9951171875 0.9296875 0.8837890625 0.861328125
0 0.2412109375 0.541015625 0.236328125 0.5458984375 0.2392578125 0.5625 0.2822265625 0.580078125 0.3623046875 0.634765625 0.3955078125 0.646484375 0.4482421875 0.67578125 0.4658203125 0.6796875 0.5126953125 0.71484375 0.517578125 0.7138671875 0.51953125 0.7001953125 0.5146484375 0.68359375 0.4169921875 0.6171875 0.3720703125 0.59375 0.3330078125 0.58203125 0.2900390625 0.5546875
0 0.55078125 0.7177734375 0.548828125 0.7314453125 0.5556640625 0.74609375 0.6220703125 0.771484375 0.6591796875 0.796875 0.7001953125 0.814453125 0.7646484375 0.8515625 0.78125 0.8544921875 0.7744140625 0.81640625 0.7119140625 0.787109375 0.6904296875 0.771484375 0.673828125 0.7451171875 0.6552734375 0.73046875 0.6025390625 0.708984375 0.5908203125 0.716796875 0.5556640625 0.7109375