0 0.2563592513020833 0.24523932031249998 0.32954762760416667 0.209396875 0.3542893125 0.19135459765625 0.3553223450520833 0.18414344791666667 0.35120116276041663 0.17976833854166666 0.3417529869791667 0.18127666276041665 0.2816229270833333 0.20698161588541666 0.27612315234375 0.21591244921875 0.2515578958333333 0.21983409244791666 0.2412458203125 0.23657940364583332 0.2563592513020833 0.24523932031249998
0 0.5462680026041666 0.3942390807291667 0.5557198255208333 0.3816575208333333 0.54953987890625 0.3695582356770833 0.5315037786458333 0.3684111341145833 0.48579967838541666 0.4038923567708333 0.42996357812499997 0.4309250234375 0.42636438671875004 0.406334484375 0.41743455078125 0.3987006171875 0.30987988541666667 0.4682142981770833 0.2971671315104167 0.47225699609375 0.28428524609375 0.46827385546875 0.2750062018229167 0.47780801822916663 0.25284527083333336 0.4833590403645833 0.23446726041666666 0.47723349609375004 0.22468082291666666 0.4626901458333333 0.19445395703125 0.4453703125 0.16388882942708333 0.41199880208333334 0.13486412890625 0.39549366015625 0.13880888151041668 0.41398940364583336 0.22278388932291668 0.48513828125 0.23084982552083333 0.50800913671875 0.2858074283854167 0.5405063997395834 0.30281414453125 0.5377914140625 0.34834181640625 0.51643082421875 0.3931856653645833 0.48511335156249996 0.46070513411458336 0.45017589973958333 0.48493212890625 0.43020257942708334 0.49455673307291664 0.41457362239583334 0.5107031979166666 0.4160223893229167 0.5462680026041666 0.3942390807291667
0 0.3273465638020833 0.6335288932291666 0.32838324479166664 0.6152445078125001 0.3070971614583333 0.5723388359375 0.3021157265625 0.5721274765625001 0.2978181158854167 0.5818729986979166 0.30056070703125 0.5995540520833333 0.32871055989583337 0.664515890625 0.3338684231770834 0.6506066171875 0.3273465638020833 0.6335288932291666
0 0.7741862447916666 0.48065957291666667 0.7765942213541667 0.47121571484374997 0.7563265742187499 0.46539183723958333 0.6980788515624999 0.51294159765625 0.6700798854166666 0.5113717760416666 0.5874360364583333 0.5708690182291667 0.5315999375 0.59790168359375 0.5190563138020833 0.6099702200520833 0.5077185026041667 0.6117802096354167 0.47077875520833334 0.6357962278645833 0.45755130859375 0.6379078815104167 0.4436327421875 0.6522091263020834 0.42851566145833336 0.6546224453125 0.35292295963541664 0.6888355130208333 0.3371147578125 0.703438421875 0.31443913671875 0.7070584010416666 0.26926432291666663 0.7001777252604167 0.2740693268229167 0.7145097174479167 0.3020646458333333 0.7271527747395834 0.340541171875 0.7310763593749999 0.3627021015625 0.7255253359374999 0.41321485546875003 0.6933028697916667 0.5037555078125 0.64865064453125 0.6370812408854166 0.5649567734375 0.6638816927083333 0.5546386692708333 0.6927482083333333 0.5298982682291666 0.7125048111979168 0.5227178671875 0.75855447265625 0.4811418489583333 0.7741862447916666 0.48065957291666667
0 0.38602141015625 0.85366783203125 0.36869832291666665 0.7738917252604166 0.3551362643229166 0.7488784674479166 0.3508386536458334 0.7586239895833334 0.3537503736979167 0.7843308828125001 0.37399247916666667 0.8676674114583333 0.39288518229166663 0.8757239973958333 0.39718279296875 0.8659784739583333 0.38602141015625 0.85366783203125
0 0.7854583802083334 0.6781678255208333 0.7126082682291667 0.7300619479166667 0.6708598658854167 0.7508192083333333 0.62996441796875 0.7895591888020833 0.5741283203124999 0.8165918567708333 0.4574637421875 0.9036655390625 0.4474935768229167 0.9253892903645834 0.4375307096354167 0.9249665716145833 0.42825166536458337 0.9345007343749999 0.39097365494791664 0.9424650768229167 0.37792263802083337 0.93045609765625 0.35696751953125 0.9257485729166667 0.35130226302083334 0.91558033203125 0.31609396484375 0.898049140625 0.32244304557291664 0.9181742617187499 0.382893125 0.9638871640625001 0.4081422044270833 0.9699224010416666 0.42274459375 0.9655780390625001 0.4895802421875 0.9206837057291667 0.5198217005208333 0.8937105950520833 0.5689595104166667 0.8637208359374999 0.6182737500000001 0.8196104453125 0.67119083203125 0.78901735546875 0.7902597356770834 0.7035730520833333 0.8060715859375001 0.6778969075520833 0.7854583802083334 0.6781678255208333
0 0.8546874075520834 0.6681225781250001 0.8473016471354167 0.66628183984375 0.8407724908854166 0.6713505859375001 0.8131044895833334 0.7079789127604167 0.8041710052083334 0.7114182799479166 0.80760106640625 0.7279829817708333 0.8136118841145833 0.7320564270833333 0.8519338723958333 0.68366123046875 0.8546874075520834 0.6681225781250001
0 0.8290891197916667 0.6792553697916667 0.88218262890625 0.6345416484375 0.8816715859375001 0.6215373684895833 0.8732564427083332 0.6158345455729167 0.8631171471354167 0.6295324596354167 0.8373460768229166 0.6437126484375 0.8227400403645834 0.6591302486979167 0.8163800143229167 0.6722248333333334 0.8215305794270833 0.6804620299479166 0.8290891197916667 0.6792553697916667
0 0.25100801041666665 0.8460300833333334 0.25546745442708335 0.86645687109375 0.28844055859375 0.8903845234375 0.27865776822916666 0.8647679361979167 0.25100801041666665 0.8460300833333334
0 0.23783529427083336 0.682043203125 0.21945728385416666 0.6759176614583334 0.209836328125 0.6804733828125 0.21704201171875 0.7075079895833333 0.23542002213541668 0.7136335325520834 0.24813277604166664 0.7095908346354167 0.24916580859375 0.7023796848958334 0.23783529427083336 0.682043203125
0 0.20400194010416664 0.6622793033854167 0.22358576171875 0.6581462994791667 0.21277358984375003 0.628667625 0.19885502343749997 0.64296887109375 0.19541766536458335 0.648550640625 0.20400194010416664 0.6622793033854167
0 0.42305409114583337 1 0.4150132734375 0.9698320963541667 0.4114067838541667 0.9673880286458334 0.4084841171875 0.9749008411458333 0.41517393359375004 1 0.42305409114583337 1