0 0.2958984375 0.166015625 0.28125 0.1806640625 0.2939453125 0.19140625 0.3759765625 0.16796875 0.4052734375 0.154296875 0.408203125 0.1474609375 0.4052734375 0.142578125 0.3955078125 0.142578125 0.3291015625 0.158203125 0.3212890625 0.166015625
0 0.1337890625 0.318359375 0.1328125 0.3369140625 0.197265625 0.4189453125 0.19921875 0.4423828125 0.2451171875 0.482421875 0.2626953125 0.482421875 0.3134765625 0.46875 0.3662109375 0.4453125 0.4423828125 0.421875 0.4716796875 0.40625 0.4853515625 0.392578125 0.5009765625 0.396484375 0.5419921875 0.380859375 0.5546875 0.3701171875 0.5517578125 0.357421875 0.5341796875 0.353515625 0.4794921875 0.380859375 0.4169921875 0.3984375 0.419921875 0.3740234375 0.4130859375 0.365234375 0.2880859375 0.416015625 0.2744140625 0.41796875 0.2626953125 0.412109375 0.2509765625 0.419921875 0.2275390625 0.421875 0.2109375 0.4130859375 0.205078125 0.3974609375 0.1796875 0.3759765625 0.158203125 0.3388671875
0 0.24609375 0.5244140625 0.244140625 0.5419921875 0.2548828125 0.609375 0.263671875 0.5966796875 0.26171875 0.5791015625 0.267578125 0.5615234375 0.2578125 0.5166015625 0.2529296875 0.515625
0 0.1865234375 0.634765625 0.1875 0.6494140625 0.2119140625 0.666015625 0.2490234375 0.67578125 0.2724609375 0.673828125 0.3310546875 0.650390625 0.4326171875 0.62109375 0.5869140625 0.560546875 0.6162109375 0.5546875 0.6513671875 0.53515625 0.6728515625 0.53125 0.7294921875 0.498046875 0.7451171875 0.5 0.75 0.4912109375 0.7314453125 0.482421875 0.6611328125 0.51953125 0.6337890625 0.513671875 0.5361328125 0.55859375 0.4736328125 0.576171875 0.4580078125 0.5859375 0.4462890625 0.5859375 0.4033203125 0.603515625 0.3896484375 0.603515625 0.3720703125 0.615234375 0.3564453125 0.615234375 0.2724609375 0.63671875 0.2529296875 0.6484375 0.2294921875 0.6484375
0 0.248046875 0.7294921875 0.24609375 0.8134765625 0.2626953125 0.82421875 0.26953125 0.8154296875 0.26171875 0.8017578125 0.265625 0.7216796875 0.2587890625 0.6953125 0.251953125 0.7041015625
0 0.1806640625 0.833984375 0.181640625 0.8544921875 0.2294921875 0.908203125 0.2529296875 0.91796875 0.2685546875 0.916015625 0.3466796875 0.8828125 0.3837890625 0.861328125 0.4404296875 0.83984375 0.5009765625 0.8046875 0.5615234375 0.783203125 0.7021484375 0.71875 0.724609375 0.6962890625 0.7041015625 0.693359375 0.6181640625 0.732421875 0.5712890625 0.74609375 0.5205078125 0.77734375 0.4580078125 0.794921875 0.3193359375 0.861328125 0.3037109375 0.880859375 0.2939453125 0.87890625 0.2822265625 0.88671875 0.2431640625 0.888671875 0.2333984375 0.875 0.2138671875 0.8671875 0.2109375 0.8564453125
0 0.7138671875 0.728515625 0.712890625 0.7451171875 0.7177734375 0.75 0.7685546875 0.708984375 0.775390625 0.6943359375 0.7685546875 0.69140625 0.7607421875 0.6953125 0.7236328125 0.7265625
0 0.74609375 0.6806640625 0.736328125 0.6923828125 0.7392578125 0.701171875 0.7470703125 0.701171875 0.8115234375 0.666015625 0.814453125 0.6533203125 0.8076171875 0.646484375 0.7939453125 0.658203125 0.7646484375 0.66796875
0 0.1298828125 0.7734375 0.12890625 0.7939453125 0.1552734375 0.822265625 0.15234375 0.7958984375
0 0.1328125 0.6064453125 0.1328125 0.6337890625 0.1494140625 0.642578125 0.1630859375 0.640625 0.166015625 0.6337890625 0.16015625 0.6123046875 0.1435546875 0.603515625
0 0.1318359375 0.568359375 0.126953125 0.5732421875 0.1318359375 0.587890625 0.15234375 0.5869140625 0.1494140625 0.556640625
0 0.251953125 0.9228515625 0.251953125 0.9990234375 0.2685546875 1 0.271484375 0.9892578125 0.259765625 0.9560546875 0.259765625 0.9189453125 0.2568359375 0.916015625
1 0.96875 0.6162109375 0.96484375 0.6572265625 0.970703125 0.6689453125 0.9814453125 0.67578125 1 0.6630859375 0.9990234375 0.57421875 0.974609375 0.5849609375