0 0.35778216536458335 0.16040048046875 0.44272387760416665 0.15367549479166667 0.47403319921875003 0.14607726822916667 0.47816785286458335 0.13995690234375 0.47618403125000003 0.13459038932291667 0.46658402604166666 0.13265601041666666 0.39843620963541665 0.13481808072916665 0.38932231770833337 0.14092849869791665 0.3643623020833333 0.13589911458333334 0.34727375390625 0.1473561484375 0.35778216536458335 0.16040048046875
0 0.5668505234375 0.39523824609375 0.5813021263020833 0.387223296875 0.5807521927083333 0.37419886328125 0.5641891276041667 0.3668880234375 0.5054104856770834 0.3828582265625 0.4407442018229167 0.38770852734375 0.44810510416666666 0.3643578411458333 0.4429982239583334 0.35438861588541665 0.31079787760416666 0.37940505989583334 0.2969993971354167 0.37861141015625005 0.28655480729166666 0.37054671614583334 0.2736009114583333 0.37588338281250006 0.25020242708333335 0.37315535546874995 0.23549554166666667 0.36125175390625003 0.2326033125 0.34477528515625 0.2115864921875 0.31868662239583334 0.19727744791666668 0.2780558697916667 0.17704139062500002 0.2531178841145833 0.17267590494791665 0.2711120078125 0.2209801171875 0.36428706250000004 0.218598453125 0.38764769921875003 0.25636980338541665 0.43598611718749997 0.27364981380208336 0.43946799869791664 0.3260791471354167 0.4361254036458333 0.3822208424479167 0.4235972838541667 0.46140255208333336 0.415711671875 0.49307034375 0.40619896484375 0.50901965625 0.395505734375 0.52366272265625 0.40242969921875 0.5668505234375 0.39523824609375
0 0.25494544661458335 0.5340413216145833 0.26393169921875 0.51797162890625 0.2625765494791667 0.47200420833333334 0.2579557838541667 0.47007977994791666 0.24962265625 0.4773408763020834 0.24447640494791667 0.49418432031250004 0.24266912630208334 0.5623616979166667 0.25363919921875 0.5516585182291667 0.25494544661458335 0.5340413216145833
0 0.7446638463541667 0.5522565911458334 0.7510769739583334 0.54460862109375 0.7344500872395834 0.5323181419270834 0.6585190768229167 0.5547657408854166 0.6327144778645833 0.54360604296875 0.5284695638020833 0.5682953033854167 0.4638032786458333 0.5731456041666666 0.44665091015624997 0.579623 0.43513090234375 0.5773017460937501 0.38966462890625 0.5860208033854167 0.37622462109375004 0.5833126744791667 0.35679377864583334 0.5913176744791667 0.34143376953125 0.5882226692708333 0.2549305286458333 0.5926462994791667 0.23357968359375 0.6002644231770834 0.21053967057291667 0.5956219166666666 0.17080895052083334 0.5737092929687501 0.16908041145833333 0.5882613307291666 0.19003341276041666 0.6093703567708334 0.22472107421874998 0.6262933932291667 0.24811955989583334 0.6290214205729167 0.3100212578125 0.6176539283854167 0.41523839843750004 0.6090542591145833 0.57803112109375 0.5802685481770834 0.6079065546875 0.5803282434895833 0.6460512955729166 0.5681472044270833 0.6678882526041666 0.5685738763020833 0.7296623098958334 0.5472471067708333 0.7446638463541667 0.5522565911458334
0 0.21407963541666666 0.7522920481770834 0.23261699088541665 0.6745721171875 0.230736359375 0.6473725716145834 0.22240323177083332 0.6546336666666667 0.2139030924479167 0.6787481562500001 0.19656879427083332 0.760683921875 0.21091720703125003 0.7745020052083333 0.21925033463541665 0.7672409101562501 0.21407963541666666 0.7522920481770834
0 0.6688550911458333 0.7336657291666667 0.5772056002604167 0.7549328033854167 0.5286162682291666 0.7590491484375 0.4729606861979167 0.7796220638020833 0.40829440234375003 0.7844723658854167 0.25978627083333333 0.8220965182291667 0.2408415416666667 0.8381463151041667 0.23160000911458334 0.83429745703125 0.21864611328125003 0.8396341236979167 0.17988761848958335 0.8338110911458334 0.17279691796875 0.8184753528645833 0.15503079427083333 0.8069486770833333 0.15412238802083333 0.7958387226562501 0.12848479947916666 0.7678256302083333 0.12568084375 0.7881211080729167 0.162862890625 0.8502477617187499 0.18411054296874999 0.8644626705729167 0.19982902473958333 0.8656431940104167 0.2827230950520833 0.8485720585937501 0.3231463098958333 0.8348634140625001 0.38276953515624995 0.8250235260416666 0.44874206640625003 0.8025560286458333 0.5122052942708334 0.793489890625 0.662274953125 0.75816709375 0.68847739453125 0.7405996432291667 0.6688550911458333 0.7336657291666667
0 0.7387558971354166 0.7487439283854167 0.7325736002604167 0.7445181432291667 0.7241766523437501 0.7467996015625 0.6819610781250001 0.7700806458333332 0.6720026002604166 0.7700607473958333 0.6679955872395834 0.7861403893229166 0.67189941015625 0.7918937799479168 0.7293473528645834 0.7617484635416667 0.7387558971354166 0.7487439283854167
0 0.7096612278645833 0.7498349127604166 0.7794737630208334 0.7281411653645833 0.7846838333333334 0.7162773593749999 0.77921848046875 0.7082226145833334 0.7636276406250001 0.7170013645833334 0.7330352630208333 0.7207706315104166 0.7124651848958333 0.7295394335937501 0.7007143463541667 0.7390919361979167 0.70198122265625 0.7482874101562501 0.7096612278645833 0.7498349127604166
0 0.08967740234375 0.6984179843749999 0.0849534453125 0.7183265859375 0.1056756171875 0.7513093671875 0.10763498697916667 0.72488357421875 0.08967740234375 0.6984179843749999
0 0.14901136328125 0.5464699518229167 0.13430447786458333 0.5345663489583333 0.12320676302083333 0.53531025390625 0.11818815494791667 0.56211297265625 0.13289504036458333 0.5740165768229167 0.14669352083333334 0.5748102252604167 0.15082817447916666 0.5686898593749999 0.14901136328125 0.5464699518229167
0 0.12565224739583333 0.51692925390625 0.14599149609375 0.5200342096354167 0.14866781119791667 0.4897794544270833 0.12923696875 0.4977844544270833 0.12354078515625 0.5016034661458334 0.12565224739583333 0.51692925390625
0 0.19065131119791667 0.8667739752604167 0.18830901692708335 0.86332194140625 0.18225436197916667 0.8690554322916667 0.16827395312500001 0.9437201536458333 0.18441472786458335 0.9479658372395834 0.18926632421875 0.9380165091145832 0.18384034244791667 0.9031490950520834 0.19065131119791667 0.8667739752604167
1 0.9806420572916666 0.6753006614583333 0.9546704466145833 0.6809943567708333 0.9431748906249999 0.71046541015625 0.9318069752604167 0.7498957408854167 0.9354161471354167 0.7625432473958332 0.9447215013020833 0.7713717434895834 0.9652915807291667 0.7626029414062501 0.9806420572916666 0.6753006614583333