1 0.37890625 0.0029296875 0.37890625 0.0791015625 0.365234375 0.1201171875 0.369140625 0.1767578125 0.384765625 0.2197265625 0.375 0.2841796875 0.359375 0.3154296875 0.359375 0.3271484375 0.326171875 0.3896484375 0.294921875 0.4326171875 0.28125 0.4423828125 0.25390625 0.5068359375 0.216796875 0.5654296875 0.20703125 0.5966796875 0.177734375 0.6201171875 0.154296875 0.6572265625 0.142578125 0.6826171875 0.146484375 0.7119140625 0.12890625 0.7509765625 0.109375 0.7724609375 0.1123046875 0.7890625 0.1962890625 0.8046875 0.2080078125 0.794921875 0.2646484375 0.76953125 0.2861328125 0.765625 0.3251953125 0.740234375 0.3525390625 0.70703125 0.3955078125 0.69140625 0.419921875 0.6669921875 0.4404296875 0.62890625 0.4794921875 0.607421875 0.515625 0.5751953125 0.52734375 0.5615234375 0.55078125 0.5068359375 0.6142578125 0.44140625 0.6806640625 0.419921875 0.7060546875 0.39453125 0.7509765625 0.373046875 0.7626953125 0.35546875 0.8603515625 0.30078125 0.892578125 0.2626953125 0.939453125 0.1904296875 0.984375 0.1591796875 0.990234375 0.1318359375 1 0.1240234375 1 0.0947265625 0.9892578125 0.091796875 0.984375 0.0830078125 0.984375 0.0087890625 0.9794921875 0.00390625 0.9521484375 0
0 0.1474609375 0.720703125 0.1455078125 0.7265625 0.2958984375 0.71875 0.3232421875 0.71484375 0.326171875 0.7041015625 0.3095703125 0.701171875 0.2919921875 0.70703125 0.2705078125 0.705078125
0 0.16015625 0.6513671875 0.158203125 0.6552734375 0.1650390625 0.66015625 0.1787109375 0.654296875 0.2431640625 0.65625 0.2705078125 0.646484375 0.3720703125 0.638671875 0.3857421875 0.634765625 0.392578125 0.6220703125 0.3837890625 0.615234375 0.3662109375 0.61328125 0.3251953125 0.62890625 0.2548828125 0.63671875 0.2373046875 0.6484375 0.1689453125 0.64453125
0 0.23046875 0.5498046875 0.220703125 0.5673828125 0.2470703125 0.5703125 0.3369140625 0.55859375 0.3857421875 0.546875 0.4794921875 0.541015625 0.5048828125 0.53515625 0.509765625 0.5283203125 0.5029296875 0.5234375 0.4658203125 0.521484375 0.4501953125 0.52734375 0.3779296875 0.529296875 0.3662109375 0.53515625 0.3251953125 0.537109375 0.3076171875 0.544921875 0.2919921875 0.544921875 0.2880859375 0.55078125 0.2626953125 0.55859375 0.2392578125 0.55859375
0 0.2578125 0.4990234375 0.2568359375 0.509765625 0.2841796875 0.5078125 0.3818359375 0.486328125 0.5244140625 0.474609375 0.5673828125 0.462890625 0.572265625 0.4541015625 0.5654296875 0.451171875 0.5185546875 0.462890625 0.4697265625 0.46484375 0.4443359375 0.474609375 0.3701171875 0.48046875 0.3544921875 0.48828125
0 0.2919921875 0.4375 0.2890625 0.4443359375 0.2998046875 0.447265625 0.3154296875 0.439453125 0.3662109375 0.43359375 0.3896484375 0.447265625 0.40625 0.4345703125 0.40625 0.4248046875 0.4150390625 0.421875 0.41796875 0.4130859375 0.4296875 0.4052734375 0.4052734375 0.3984375 0.3740234375 0.412109375 0.3525390625 0.41015625 0.3291015625 0.4296875 0.3076171875 0.4296875
0 0.541015625 0.3837890625 0.5419921875 0.39453125 0.5556640625 0.388671875 0.5849609375 0.388671875 0.6552734375 0.376953125 0.6806640625 0.3671875 0.7373046875 0.359375 0.7734375 0.3447265625 0.6376953125 0.36328125 0.5849609375 0.376953125 0.5537109375 0.376953125
0 0.3623046875 0.33203125 0.345703125 0.3486328125 0.3486328125 0.365234375 0.357421875 0.3603515625 0.3564453125 0.353515625 0.3759765625 0.349609375 0.3818359375 0.33984375 0.4091796875 0.330078125 0.4482421875 0.33203125 0.4599609375 0.32421875 0.5185546875 0.3125 0.5615234375 0.310546875 0.6044921875 0.294921875 0.6611328125 0.29296875 0.7041015625 0.279296875 0.7783203125 0.2734375 0.7998046875 0.263671875 0.8583984375 0.255859375 0.8759765625 0.25 0.876953125 0.2431640625 0.8662109375 0.240234375 0.7958984375 0.25 0.7470703125 0.26171875 0.7021484375 0.265625 0.6533203125 0.279296875 0.6337890625 0.27734375 0.5693359375 0.2890625 0.5419921875 0.2890625 0.4853515625 0.306640625 0.4072265625 0.31640625
0 0.3876953125 0.2109375 0.388671875 0.2353515625 0.39453125 0.2392578125 0.390625 0.2451171875 0.3955078125 0.248046875 0.4013671875 0.232421875 0.4130859375 0.234375 0.419921875 0.2275390625 0.4072265625 0.22265625 0.4169921875 0.216796875 0.4423828125 0.216796875 0.4638671875 0.208984375 0.4892578125 0.20703125 0.4921875 0.2158203125 0.4990234375 0.21875 0.51171875 0.2138671875 0.5087890625 0.20703125 0.5185546875 0.20703125 0.5244140625 0.19921875 0.5341796875 0.197265625 0.5810546875 0.193359375 0.7685546875 0.16015625 0.8076171875 0.16015625 0.8662109375 0.14453125 0.8857421875 0.146484375 0.9443359375 0.134765625 0.9736328125 0.134765625 1 0.1220703125 1 0.0947265625 0.9638671875 0.095703125 0.9345703125 0.107421875 0.8837890625 0.107421875 0.8662109375 0.115234375 0.8134765625 0.119140625 0.8037109375 0.126953125 0.7783203125 0.123046875 0.7705078125 0.12890625 0.7216796875 0.138671875 0.6513671875 0.146484375 0.6259765625 0.16015625 0.6025390625 0.158203125 0.5537109375 0.173828125 0.5205078125 0.1796875 0.4970703125 0.177734375 0.4697265625 0.189453125 0.4208984375 0.19921875 0.4150390625 0.20703125
0 0.8046875 0.0244140625 0.796875 0.0654296875 0.78125 0.0986328125 0.7841796875 0.119140625 0.7939453125 0.119140625 0.80078125 0.1123046875 0.8125 0.0888671875 0.818359375 0.0556640625 0.833984375 0.0283203125 0.833984375 0.0048828125 0.8212890625 0.00390625
0 0.380859375 0.0498046875 0.380859375 0.0830078125 0.4091796875 0.083984375 0.4423828125 0.0546875 0.4619140625 0.0625 0.4912109375 0.060546875 0.5537109375 0.04296875 0.6103515625 0.041015625 0.7958984375 0.013671875 0.7998046875 0.0078125 0.8154296875 0.00390625 0.8505859375 0.005859375 0.875 0.0009765625 0.6103515625 0 0.6044921875 0.00390625 0.5673828125 0.00390625 0.5224609375 0.021484375 0.515625 0.0341796875 0.5068359375 0.037109375 0.4384765625 0.0390625 0.4287109375 0.046875