1 0.109375 0.4697265625 0.173828125 0.4541015625 0.1689453125 0.4375 0.146484375 0.4287109375 0.1484375 0.4013671875 0.142578125 0.3994140625 0.140625 0.3916015625 0.1298828125 0.384765625 0.0810546875 0.3828125 0.0498046875 0.3671875 0.0458984375 0.359375 0.0341796875 0.359375 0.0283203125 0.353515625 0.0185546875 0.357421875 0.0126953125 0.345703125 0.0009765625 0.349609375 0 0.4677734375
1 0.291015625 0.4287109375 0.29296875 0.4013671875 0.314453125 0.3935546875 0.31640625 0.3681640625 0.310546875 0.3251953125 0.298828125 0.3076171875 0.271484375 0.2841796875 0.2578125 0.2607421875 0.2890625 0.2001953125 0.291015625 0.1806640625 0.26953125 0.1435546875 0.26953125 0.1083984375 0.263671875 0.0966796875 0.265625 0.0576171875 0.26171875 0.0322265625 0.25390625 0.0185546875 0.255859375 0.0048828125 0.2451171875 0 0.0009765625 0 0 0.2744140625 0.00390625 0.2841796875 0.0380859375 0.306640625 0.1083984375 0.33984375 0.1494140625 0.34375 0.15234375 0.3603515625 0.1943359375 0.3984375 0.2333984375 0.408203125 0.2568359375 0.427734375
1 0.775390625 0.5791015625 0.7861328125 0.576171875 0.8427734375 0.5234375 0.8857421875 0.5 0.9345703125 0.484375 0.9697265625 0.4609375 1 0.4521484375 0.9990234375 0.287109375 0.9755859375 0.28125 0.9228515625 0.283203125 0.8994140625 0.279296875 0.8564453125 0.294921875 0.8173828125 0.298828125 0.7822265625 0.314453125 0.767578125 0.3369140625 0.75 0.4091796875 0.736328125 0.4228515625 0.732421875 0.4443359375 0.7158203125 0.45703125 0.6962890625 0.45703125 0.6669921875 0.470703125 0.65625 0.4658203125 0.6513671875 0.451171875 0.626953125 0.4365234375 0.625 0.4208984375 0.63671875 0.3994140625 0.642578125 0.3642578125 0.6787109375 0.341796875 0.71484375 0.3076171875 0.71484375 0.2880859375 0.7001953125 0.2734375 0.6767578125 0.263671875 0.5947265625 0.24609375 0.5244140625 0.240234375 0.4677734375 0.25390625 0.4189453125 0.279296875 0.400390625 0.2958984375 0.392578125 0.3154296875 0.38671875 0.3720703125 0.38671875 0.4091796875 0.392578125 0.4267578125 0.4140625 0.4423828125 0.4404296875 0.478515625 0.4541015625 0.484375 0.4853515625 0.482421875 0.490234375 0.4873046875 0.494140625 0.5166015625 0.5400390625 0.5625 0.5537109375 0.568359375 0.6162109375 0.54296875 0.6357421875 0.548828125 0.6591796875 0.56640625
0 0.119140625 0.0927734375 0.115234375 0.0478515625 0.107421875 0.0302734375 0.0908203125 0 0.0751953125 0 0.099609375 0.0634765625
0 0.1796875 0.3115234375 0.1796875 0.3037109375 0.1572265625 0.265625 0.16015625 0.2841796875
0 0.15625 0.2646484375 0.12890625 0.2060546875 0.111328125 0.1845703125 0.08203125 0.1279296875 0.060546875 0.0986328125 0.048828125 0.0673828125 0.04296875 0.0654296875 0.0234375 0.0361328125 0.0078125 0.0009765625 0.0009765625 0 0 0.0283203125 0.015625 0.0458984375 0.01953125 0.0615234375 0.03515625 0.0732421875 0.041015625 0.0947265625 0.07421875 0.1298828125 0.111328125 0.2001953125
0 0.119140625 0.3212890625 0.119140625 0.3115234375 0.0859375 0.2548828125 0.060546875 0.2333984375 0.0009765625 0.154296875 0 0.1748046875 0.0068359375 0.171875 0.015625 0.1806640625 0.017578125 0.1923828125 0.048828125 0.2216796875 0.056640625 0.2412109375 0.0703125 0.2509765625 0.091796875 0.2822265625 0.109375 0.3095703125 0.109375 0.3193359375
0 0.486328125 0.4658203125 0.484375 0.4560546875 0.501953125 0.3681640625 0.50390625 0.3232421875 0.5 0.3173828125 0.509765625 0.2822265625 0.5107421875 0.2578125 0.4970703125 0.259765625 0.494140625 0.2646484375 0.494140625 0.2841796875 0.486328125 0.3076171875 0.48828125 0.3271484375 0.4765625 0.4306640625 0.48046875 0.4658203125
0 0.521484375 0.5302734375 0.537109375 0.4521484375 0.544921875 0.4365234375 0.556640625 0.3603515625 0.576171875 0.2958984375 0.5732421875 0.263671875 0.56640625 0.2685546875 0.556640625 0.2998046875 0.55859375 0.3193359375 0.548828125 0.3349609375 0.548828125 0.3505859375 0.537109375 0.3896484375 0.52734375 0.4697265625 0.515625 0.5166015625
0 0.55859375 0.5361328125 0.603515625 0.3857421875 0.638671875 0.2958984375 0.642578125 0.2763671875 0.6376953125 0.265625 0.615234375 0.3115234375 0.6171875 0.3251953125 0.609375 0.3330078125 0.59765625 0.3623046875 0.59375 0.3876953125 0.568359375 0.4560546875 0.5546875 0.5244140625 0.5546875 0.5361328125
0 0.439453125 0.4169921875 0.447265625 0.3701171875 0.4453125 0.3212890625 0.443359375 0.2998046875 0.4287109375 0.291015625 0.423828125 0.2958984375 0.427734375 0.3271484375 0.419921875 0.3623046875 0.42578125 0.3720703125 0.4296875 0.4091796875
0 0.6015625 0.5146484375 0.6171875 0.4736328125 0.6162109375 0.46484375 0.607421875 0.4736328125 0.595703125 0.5068359375 0.595703125 0.5146484375
0 0.640625 0.5205078125 0.6552734375 0.47265625 0.650390625 0.4736328125 0.634765625 0.5107421875
0 0.658203125 0.5595703125 0.673828125 0.5361328125 0.7001953125 0.470703125 0.671875 0.5126953125 0.66796875 0.5302734375 0.65625 0.5478515625 0.654296875 0.5576171875
0 0.693359375 0.5615234375 0.7353515625 0.474609375 0.6953125 0.5419921875 0.689453125 0.5576171875
0 0.7265625 0.5634765625 0.73828125 0.5556640625 0.7323342319911862 0.5514305191655379 0.751953125 0.5185546875 0.78125 0.4716796875 0.7829661887464554 0.46784947679199806 0.7746028698417536 0.4748522190908196 0.767578125 0.4833984375 0.73828125 0.5361328125 0.7255859375 0.546875 0.71484375 0.5458984375 0.720703125 0.5615234375
0 0.767578125 0.3818359375 0.8193359375 0.30078125 0.8095703125 0.302734375 0.775390625 0.3447265625 0.763671875 0.3798828125
0 0.7578125 0.4384765625 0.8056640625 0.40625 0.9365234375 0.361328125 0.984375 0.3095703125 0.9560546875 0.318359375 0.9228515625 0.349609375 0.8896484375 0.3671875 0.8583984375 0.37109375 0.8466796875 0.37890625 0.7822265625 0.396484375 0.7291019833153422 0.4212714153313573 0.7444769370161249 0.42029891152126814 0.7783203125 0.404296875 0.7958984375 0.396484375 0.80859375 0.3974609375 0.7724609375 0.4140625 0.74609375 0.4345703125
0 0.892578125 0.3388671875 0.9072265625 0.333984375 0.9345703125 0.3125 0.955078125 0.2841796875 0.9404296875 0.287109375 0.9189453125 0.302734375 0.8974609375 0.326171875 0.8740234375 0.322265625 0.8701171875 0.330078125 0.8505859375 0.32421875 0.8359375 0.3291015625 0.8759765625 0.33984375
0 0.876953125 0.4599609375 0.9326171875 0.40234375 1 0.3427734375 0.9990234375 0.333984375 0.9638671875 0.37109375 0.916015625 0.4072265625 0.869140625 0.4580078125
0 0.89453125 0.4833984375 0.9267578125 0.447265625 1 0.3837890625 0.9990234375 0.376953125 0.9365234375 0.42578125 0.896484375 0.4658203125 0.888671875 0.4814453125
0 0.93359375 0.4814453125 1 0.4189453125 0.9990234375 0.404296875 0.98828125 0.4208984375 0.92578125 0.4794921875
0 0.7516119879283186 0.5675506685413884 0.7529034657163997 0.5595627280230301 0.8089602528088428 0.48095137573393876 0.8175496140712385 0.47078611466207354 0.8200360179233782 0.47236737404859536 0.7834182527676788 0.5245490578914752 0.7678218060525804 0.5453313625224188 0.7682738700738039 0.5512046175812931 0.773472699441613 0.5505269335098354 0.7508691465796478 0.5688244034391928
0 0.8278804931157322 0.511959402538118 0.8345022735441714 0.4994489275600527 0.8340501888287837 0.4904131330468582 0.8442217845125434 0.48702471268956976 0.8577839120908896 0.4696308284159147 0.8616265287008641 0.47098619655883006 0.8462561036492954 0.49109081711831576 0.8489685291649646 0.494705139059849 0.8426395500911793 0.49877124348859514 0.8338241671652541 0.510065971119131
1 0.119140625 0.7294921875 0.1318359375 0.728515625 0.138671875 0.7197265625 0.13671875 0.7099609375 0.158203125 0.6962890625 0.1572265625 0.69140625 0.142578125 0.6845703125 0.1298828125 0.662109375 0.1044921875 0.666015625 0.0751953125 0.662109375 0.0546875 0.6689453125 0.0546875 0.6826171875 0.078125 0.7041015625 0.0908203125 0.728515625
0 0.099609375 0.7275390625 0.1015625 0.7255859375 0.1015625 0.7216796875 0.09375 0.7060546875 0.09375 0.7021484375 0.091796875 0.7001953125 0.08984375 0.6904296875 0.0859375 0.6826171875 0.08203125 0.6787109375 0.076171875 0.6650390625 0.0712890625 0.6640625 0.0703125 0.6669921875 0.07421875 0.6728515625 0.076171875 0.6826171875 0.080078125 0.6904296875 0.083984375 0.6943359375 0.0859375 0.7001953125 0.08984375 0.7041015625 0.08984375 0.7080078125 0.09375 0.7138671875 0.09375 0.7177734375 0.095703125 0.7197265625 0.095703125 0.7275390625 0.0966796875 0.728515625
0 0.12452702890759877 0.7238895111853711 0.11554888644966656 0.6999111071952676 0.11121460149523509 0.6855240704664638 0.101462470976743 0.6680430520654176 0.10362960636797292 0.6668054622291496 0.11214337583032956 0.6825847928349345 0.11848999572948461 0.6951154377277636 0.1229790811304224 0.7006846132356878 0.12065714529268617 0.7045520867852044 0.12205030679532791 0.7084195744978671 0.1263845775777877 0.7133699480060843 0.1273133519128822 0.7211049234314092
0 0.14155456783231204 0.6941872418097762 0.13861344438052228 0.6799548949585398 0.12824212624797668 0.6612362867212255 0.12328866785146331 0.6623191725167802 0.12576540413570583 0.6678883480247043 0.13350518553750265 0.6788720091629851 0.13706548243137426 0.6906291480153942 0.14294772933495375 0.6944966357280569
0 0.8452898975079072 0.3164256569018224 0.860470225677454 0.2989208020025282 0.863389519556213 0.3010602872358073 0.8836299333583345 0.2856949175697922 0.8958909676491226 0.2856949175697922 0.875650553847001 0.29658682134928893 0.8635841272694931 0.3053392487989361 0.8589132570634787 0.3055337531223257 0.8505446264896733 0.3160366660619023 0.8458737562836589 0.31662016122521214
0 0.8295257105626083 0.335692112841346 0.8318611456656155 0.3403600741478245 0.8188216092498841 0.35378046290395 0.785736302381223 0.39559762814572585 0.7791192124987615 0.3973481136356552 0.8231032640293385 0.3444445402909931
0 0.8304353875220736 0.3479929005668227 0.8295257105626085 0.35416947155072936 0.7950780427932519 0.3938471426557964 0.7892394550357339 0.3944306378191062 0.8269956321104096 0.3502794919240912
0 0.789434062749014 0.462927405093784 0.8394513097503892 0.40379989817953327 0.88499229425903 0.3578982756980185 0.8900523798916044 0.34000442550708937 0.8824622158068308 0.34078242054207397 0.875845161560281 0.35031283857499096 0.8554101044089678 0.36587271256439574 0.8557993554714396 0.37054067387087425 0.8289418517868565 0.4055503836694627 0.8188216092498841 0.4181927818423184 0.8022789558155536 0.4384206082347721 0.7929372154035249 0.4524244921542074
0 0.8369738818479336 0.4555528843821554 0.8440175123687421 0.44024254052329875 0.8730724822214851 0.40627822523260776 0.867965843242228 0.4053983096721076 0.838030425619976 0.43883469818265225 0.8397913372805726 0.44358618420781465 0.8271128120160646 0.4562568136082478 0.8281693557881068 0.45942447095835615