1 0 0.7894597473958332 0.006789239583333333 0.7888137161458334 0.07015193229166666 0.8005832617187499 0.08685733463541667 0.7975727395833333 0.09853721614583333 0.7885341236979166 0.10515804036458333 0.7704044192708334 0.14728804296875 0.7680407994791666 0.17014957682291665 0.7610791614583333 0.18345830338541666 0.7309457421875 0.18139346744791665 0.7122216067708332 0.11532872005208333 0.62353101953125 0.10534475651041668 0.6176008229166666 0.07306456640625 0.6136426588541667 0.057657466145833336 0.6219889479166667 0.052866713541666666 0.6374018216145834 0.046710580729166666 0.6413529361979167 0.013831545572916666 0.6393213802083334 0 0.64681416796875 0 0.7894597473958332
1 0.5976631302083334 0.6254967916666666 0.6660465052083333 0.5862339088541667 0.6782916927083332 0.5722056875 0.68600959375 0.5410337799479167 0.68074930859375 0.51356471875 0.6277968971354166 0.4334232630208333 0.606228828125 0.38866014453125003 0.5849290611979167 0.36840098958333334 0.5419319140625 0.34818725651041665 0.47511514453125003 0.4172898684895833 0.42067287760416666 0.42755571875000004 0.3748156588541667 0.4292270130208333 0.3242682981770833 0.4555001653645833 0.305301671875 0.47846910416666666 0.29785207421875 0.5341449739583334 0.29296070703125 0.5403688606770833 0.22287173697916665 0.4804795130208333 0.16553586328125 0.5095673932291667 0.1632075625 0.5233998203125 0.13059683072916667 0.5458722265625 0.117752796875 0.5618270559895834 0.10763952083333334 0.6007054010416667 0.131301125 0.6101951250000001 0.15639518489583334 0.63727259765625 0.19120490234374998 0.6457763072916667 0.21925964583333335 0.6601577395833333 0.22734646354166665 0.66267877734375 0.24897677083333333 0.65650736328125 0.26927523697916667 0.6419371861979167 0.3030214192708333 0.6665460924479166 0.32605064192708333 0.6748994309895834 0.34275604427083334 0.6718889088541666 0.35629953385416663 0.66319645703125 0.3708394869791667 0.6322728138020833 0.4465144440104167 0.6361401302083333 0.5195927955729166 0.6293359114583333 0.5442844010416666 0.6196574427083333 0.5710408411458333 0.6287031067708333 0.5976631302083334 0.6254967916666666
1 0.6927787578125 0.3099769609375 0.7019004114583334 0.35039032682291665 0.7094554596354167 0.36096396484375 0.7486583151041667 0.3743593815104167 0.8397452083333333 0.42694092968749997 0.8571500690104167 0.43119278385416665 0.8757190781249999 0.42852842578125 0.947997359375 0.40527284375 0.9646021471354166 0.3930733372395833 0.9703757070312501 0.3776977239583333 0.9756357565104167 0.29879698958333334 0.95763626953125 0.2664520442708333 0.9352058906249999 0.25617209635416666 0.9133072812499999 0.23783954817708333 0.871709046875 0.2321505703125 0.8389641627604166 0.24237099609375 0.8205293059895834 0.25728733593750003 0.781661828125 0.2745218723958333 0.7431919674479167 0.271451828125 0.6993660468749999 0.28878426041666666 0.6927787578125 0.3099769609375
0 0.8825027552083333 0.3686531731770833 0.8892577317708333 0.3627754505208333 0.86965388671875 0.32754748046875 0.83251102734375 0.27581567578125 0.8144402486979166 0.26736444010416666 0.8781431562500001 0.3668244609375 0.8825027552083333 0.3686531731770833
0 0.52476665625 0.422436890625 0.6203856744791666 0.5492226510416667 0.627840109375 0.5506073033854166 0.6271406510416667 0.54334492578125 0.5691627200520833 0.4571753763020833 0.52835972265625 0.41087723697916667 0.5202729049479167 0.4083561979166667 0.52476665625 0.422436890625
0 0.5032753372395834 0.49792080859375004 0.47378814062499996 0.46595162760416664 0.45568382291666665 0.45443739843750003 0.4463993190104167 0.45576957682291663 0.5131299856770833 0.5486595468750001 0.5463779361979166 0.5843840494791667 0.5501051536458333 0.5850763763020833 0.55250053125 0.5773699388020833 0.5448448697916667 0.5576073151041666 0.5032753372395834 0.49792080859375004
0 0.3573485598958333 0.47590969140625 0.39459203125 0.5368304804687499 0.40204646614583334 0.5382151328125 0.4447466119791667 0.5879224296875 0.45027036197916664 0.5828349283854167 0.4471084518229167 0.5771529986979167 0.40617130078124997 0.5186028776041667 0.36663306510416666 0.4745775104166667 0.3573485598958333 0.47590969140625
0 0.26131289713541667 0.5375470833333333 0.2637418125 0.5329036419270833 0.2524930846354167 0.5247006731770834 0.24387450130208332 0.530232234375 0.29303261848958334 0.6035553736979167 0.32308512109375 0.6305349505208333 0.3286759466145833 0.6315734401041667 0.32671172526041664 0.6220382903645834 0.2809167447916667 0.5727750520833333 0.26131289713541667 0.5375470833333333
0 0.17925188151041668 0.5732504388020833 0.22012195572916668 0.6256745677083334 0.22384917317708333 0.62636689453125 0.22438094140625 0.6183142955729167 0.21373105989583333 0.6081847174479167 0.2116997604166667 0.592523578125 0.19039999479166667 0.572264421875 0.17925188151041668 0.5732504388020833
0 0.14745089583333335 0.7262952526041667 0.1367003984375 0.7069766888020833 0.11659832161458333 0.6828643138020833 0.07206810546875 0.63587384765625 0.06524605338541667 0.63562558203125 0.14312483463541667 0.7275295351562501 0.14745089583333335 0.7262952526041667
0 0.07530676562500001 0.7618028138020834 0.07214485416666667 0.7561208841145833 0.043855347656249995 0.7202984843750001 0.013869920572916666 0.6994448984375 0.03973051302083334 0.7399107395833333 0.07038185937500001 0.7649637057291666 0.07530676562500001 0.7618028138020834