1 0.880859375 0.8974609375 0.8955078125 0.89453125 0.931640625 0.8642578125 0.9296875 0.8388671875 0.9140625 0.8291015625 0.90625 0.8134765625 0.91796875 0.7744140625 0.908203125 0.7666015625 0.908203125 0.7568359375 0.8955078125 0.74609375 0.8623046875 0.7421875 0.857421875 0.7373046875 0.857421875 0.7216796875 0.8447265625 0.7109375 0.8115234375 0.708984375 0.7998046875 0.712890625 0.70703125 0.7861328125 0.69921875 0.8037109375 0.703125 0.8349609375 0.7236328125 0.845703125 0.7646484375 0.85546875 0.765625 0.8740234375 0.7744140625 0.884765625 0.7900390625 0.890625 0.8564453125 0.890625
1 0.685546875 0.7294921875 0.7177734375 0.720703125 0.7548828125 0.71875 0.7880859375 0.697265625 0.814453125 0.6923828125 0.81640625 0.6533203125 0.80859375 0.6357421875 0.783203125 0.6083984375 0.78515625 0.5947265625 0.7373046875 0.556640625 0.6494140625 0.6015625 0.646484375 0.5947265625 0.65625 0.5400390625 0.64453125 0.5146484375 0.6025390625 0.48046875 0.5576171875 0.470703125 0.5068359375 0.451171875 0.4619140625 0.373046875 0.4130859375 0.384765625 0.3857421875 0.400390625 0.3505859375 0.439453125 0.2734375 0.5068359375 0.259765625 0.5322265625 0.2578125 0.5634765625 0.265625 0.5791015625 0.3212890625 0.62890625 0.3466796875 0.63671875 0.3759765625 0.6328125 0.3974609375 0.646484375 0.4677734375 0.666015625 0.5439453125 0.67578125 0.548828125 0.7080078125 0.5595703125 0.71875 0.5751953125 0.724609375 0.6005859375 0.720703125 0.6416015625 0.703125 0.6572265625 0.720703125 0.6767578125 0.73046875
1 0.142578125 0.3955078125 0.2490234375 0.361328125 0.2919921875 0.35546875 0.302734375 0.3466796875 0.32421875 0.3095703125 0.32421875 0.2880859375 0.2861328125 0.263671875 0.2470703125 0.259765625 0.2138671875 0.236328125 0.2001953125 0.21875 0.1708984375 0.203125 0.1279296875 0.201171875 0.1005859375 0.21484375 0.0751953125 0.220703125 0.044921875 0.2509765625 0.02734375 0.3095703125 0.029296875 0.3408203125 0.0419921875 0.35546875 0.1064453125 0.390625 0.1240234375 0.396484375
0 0.123046875 0.3310546875 0.216796875 0.2470703125 0.1962890625 0.251953125 0.1435546875 0.294921875 0.11328125 0.3251953125 0.1181640625 0.33203125
0 0.322265625 0.5517578125 0.4560546875 0.447265625 0.46484375 0.4345703125 0.4560546875 0.435546875 0.4013671875 0.47265625 0.3173828125 0.544921875 0.314453125 0.5517578125
0 0.384765625 0.5986328125 0.4287109375 0.5703125 0.5234375 0.4931640625 0.5146484375 0.490234375 0.4931640625 0.498046875 0.4541015625 0.5234375 0.39453125 0.5732421875 0.380859375 0.5908203125 0.380859375 0.5986328125
0 0.484375 0.6201171875 0.5419921875 0.580078125 0.5498046875 0.580078125 0.60546875 0.5283203125 0.5966796875 0.525390625 0.5439453125 0.560546875 0.4853515625 0.609375 0.48046875 0.6142578125
0 0.591796875 0.6826171875 0.6298828125 0.662109375 0.701171875 0.6005859375 0.6943359375 0.59375 0.6806640625 0.599609375 0.681640625 0.6044921875 0.6513671875 0.634765625 0.5908203125 0.673828125 0.5859375 0.6826171875
0 0.6953125 0.6962890625 0.751953125 0.6533203125 0.7412109375 0.650390625 0.7138671875 0.666015625 0.70703125 0.6806640625 0.693359375 0.6884765625 0.69140625 0.6962890625
0 0.740234375 0.8076171875 0.845703125 0.7333984375 0.8388671875 0.732421875 0.7802734375 0.76953125 0.7529296875 0.7890625 0.736328125 0.8056640625
0 0.80078125 0.8564453125 0.8388671875 0.837890625 0.876953125 0.8037109375 0.8408203125 0.818359375 0.8017578125 0.84765625 0.796875 0.8525390625