1 1 0.6641081432291667 0.9936490247395833 0.6623574583333333 0.9822226302083333 0.6496321640625 0.9839494882812501 0.6087592721354167 0.9725563828125 0.6040953111979167 0.9701481432291666 0.5947264309895833 0.9551926093750001 0.5881011484374999 0.9220431627604166 0.5939794830729167 0.9161057851562501 0.5907106158854166 0.9122526028645833 0.57572040625 0.8972970690104166 0.569095125 0.86462926953125 0.5768472356770834 0.8542327473958333 0.5839921588541667 0.7823626484375 0.6811546197916667 0.7791242682291667 0.7002835182291666 0.7906172408854166 0.7291314791666667 0.8131459869791667 0.7334918463541666 0.85531358984375 0.7309699244791666 0.8608358958333334 0.7484876822916666 0.8720048229166667 0.756245421875 0.8885961901041667 0.7573369205729167 0.9529684947916667 0.7380851471354166 0.9783205481770834 0.7375655065104166 0.9917978502604167 0.7305081276041667 1 0.7187471640625 1 0.6641081432291667
1 0.6724491354166666 0.45978078515625004 0.6548278958333333 0.4388190677083333 0.6056930416666667 0.41820190234375 0.55973883203125 0.42185628124999996 0.5056964739583333 0.4178404661458333 0.4428845885416666 0.35591268229166667 0.39844190104166666 0.3813110546875 0.3757888411458334 0.40422846354166664 0.35134234375 0.4518960989583333 0.29317372786458334 0.5389074036458333 0.28618202864583336 0.56723009375 0.29199509244791666 0.59777673828125 0.30342148697916665 0.61050203125 0.36966264453125003 0.6421458046875 0.39620217578125 0.6422799361979167 0.42363842578125 0.6300389557291667 0.4478362942708333 0.6369268723958333 0.5208116822916666 0.63528040234375 0.5970587395833333 0.6225663658854167 0.6097391875 0.65206809765625 0.62280141796875 0.6592596080729166 0.63939278515625 0.6603511080729166 0.6630424296875 0.6492425833333334 0.6984669622395834 0.6204877981770833 0.7179482174479167 0.632821953125 0.7392894869791666 0.636528546875 0.7475685273437499 0.6330436302083333 0.7766406106770832 0.6152688658854167 0.8121317200520833 0.60263674609375 0.83901974609375 0.5723993229166667 0.8633752174479167 0.5600707955729166 0.8556355611979166 0.5220290468750001 0.84372751953125 0.5074299765625 0.8123715091145832 0.4885580859375 0.8108932760416666 0.4748754231770833 0.75511521875 0.45220939322916665 0.6809944830729168 0.5207865312500001 0.6764687604166667 0.5150776575520833 0.6724491354166666 0.45978078515625004
1 0.28845504166666663 0.31432254427083334 0.24551503255208332 0.3019418020833333 0.20668567708333332 0.30951882161458333 0.16871975130208336 0.29665939713541667 0.15113179947916666 0.28375901302083334 0.1188790703125 0.277262234375 0.07674475520833333 0.28784548828125 0.053610048177083335 0.30888912109375 0.030442052083333334 0.321871421875 0.008561397135416668 0.35969149348958335 0.008189010416666666 0.3685054856770833 0.00960286328125 0.43212883333333335 0.015570776041666666 0.45041502083333335 0.03148960677083333 0.4607878541666666 0.10263826692708333 0.4758302786458333 0.12112293880208334 0.47635554817708337 0.13886849348958333 0.47003948828125 0.233624671875 0.4063889479166667 0.2738323932291667 0.38831058984375 0.28207814583333335 0.37676433984374996 0.29375316927083334 0.33493407942708336 0.28845504166666663 0.31432254427083334
0 0.10404108333333334 0.41386716536458334 0.17420876953125 0.30611582161458334 0.15553320703125 0.31674566276041666 0.11501027864583334 0.3732569088541667 0.093129625 0.41107698046874996 0.0995486484375 0.41621962500000004 0.10404108333333334 0.41386716536458334
0 0.3451651796875 0.5627058932291666 0.34401099218750003 0.5701134505208333 0.3515842044270833 0.5678485364583333 0.45550730078125 0.42881485677083336 0.46089645182291666 0.41408728515625 0.4526174127604166 0.41757220182291666 0.40875623697916663 0.46902834765625 0.3451651796875 0.5627058932291666
0 0.52290264453125 0.4530510716145833 0.5040029036458333 0.46677469140625 0.4723982643229167 0.5024583515625 0.4269345442708334 0.5675096145833333 0.41801625260416664 0.5883371979166666 0.41994284374999996 0.5958323033854166 0.42372945182291666 0.5946998463541667 0.459344875 0.55478994921875 0.5321449791666667 0.45331370703125 0.52290264453125 0.4530510716145833
0 0.6110910338541666 0.46299743750000005 0.5686415143229167 0.5120135794270834 0.5238836197916666 0.57584483984375 0.5203544830729167 0.5819448502604166 0.5255860325520834 0.5864337213541667 0.5715646888020833 0.5313175677083334 0.5791379023437501 0.5290526536458333 0.6203333697916666 0.46326007421875 0.6110910338541666 0.46299743750000005
0 0.7226138619791667 0.5002681679687501 0.7108056835937501 0.5098530963541666 0.7129564557291667 0.514254421875 0.69107580078125 0.5520744947916667 0.6420163645833333 0.6071031028645834 0.6394505234375 0.6169506653645833 0.6451304322916667 0.6152519791666667 0.6769925377604166 0.5845358723958333 0.7309261901041667 0.5048445833333334 0.7226138619791667 0.5002681679687501
0 0.7450271341145833 0.5914294192708334 0.745060421875 0.5994907513020834 0.74884702734375 0.5983582942708333 0.7931565611979167 0.5407145911458333 0.7820209231770834 0.5410181861979166 0.7593678645833334 0.5639355950520833 0.7563536627604166 0.57997071484375 0.7450271341145833 0.5914294192708334
0 0.8198469283854166 0.69214026953125 0.903782671875 0.5903604348958333 0.8969152877604167 0.59140534765625 0.8492675065104166 0.6439939505208333 0.8275777421875 0.6706589114583333 0.8155786744791667 0.6913989505208334 0.8198469283854166 0.69214026953125
0 0.8905805182291666 0.7214315833333332 0.9229242734374999 0.6925892526041667 0.95141484375 0.6487567135416666 0.9200010963541666 0.6732852630208334 0.8893597552083333 0.7127164765625 0.8858306171875 0.71881648828125 0.8905805182291666 0.7214315833333332