1 0.8455699501953124 0.3406061572265625 0.8430271220703125 0.3472015400390625 0.845999625 0.360542607421875 0.8592558916015625 0.37051683984375 0.8692224306640625 0.37022825 0.8804628994140625 0.37565726171875 0.9034708662109375 0.3753746796875 0.910362513671875 0.374791494140625 0.9196895712890625 0.3626288134765625 0.9396226484375 0.3620516357421875 0.95361575 0.3528229052734375 0.9688827822265625 0.349311775390625 0.9800107998046875 0.331726091796875 0.978736869140625 0.3260084912109375 0.964846154296875 0.3221907509765625 0.952331755859375 0.311044138671875 0.92434051953125 0.311471015625 0.88425952734375 0.3026571474609375 0.869417138671875 0.3080741435546875 0.8455699501953124 0.3406061572265625
1 0.1382848115234375 0.05648194140625 0.128210853515625 0.0517864189453125 0.0036164423828125 0.0813699541015625 0.003839998046875 0.08639994921875 0.016890421875 0.0833985986328125 0.043612759765625 0.0952847041015625 0.0554876787109375 0.094557224609375 0.0657764736328125 0.10922097265625 0.0742592763671875 0.1112771416015625 0.1055352080078125 0.10308250390625 0.11062086328125 0.08989173828125 0.12440416015625 0.0887253671875 0.13458050390625 0.080374419921875 0.1382848115234375 0.05648194140625
1 0.7765359833984375 0.305392736328125 0.7898946357421875 0.302320498046875 0.78936257421875 0.29543051953125 0.763382103515625 0.282372033203125 0.7404815546875 0.287638728515625 0.7333801005859375 0.296284271484375 0.7384707890625 0.30112408984375 0.73401958203125 0.30815836328125 0.7361427998046876 0.3176876962890625 0.749716291015625 0.32458368359375 0.7600000537109375 0.3212168486328125 0.7765359833984375 0.305392736328125
1 0.694730783203125 0.478477947265625 0.699923857421875 0.4702712939453125 0.698649927734375 0.4645536943359375 0.6796685234375 0.455896134765625 0.6582517109375 0.4588180703125 0.6328033017578125 0.4526495654296875 0.622836763671875 0.452938154296875 0.6138269306640625 0.4620225888671875 0.6297334443359375 0.4703855517578125 0.6395975966796875 0.4831434326171875 0.6629227880859375 0.47978260546875 0.674905125 0.4840392373046875 0.694730783203125 0.478477947265625
1 0.1677462412109375 0.7649654052734375 0.1918183330078125 0.77846278125 0.2408067705078125 0.791238685546875 0.27887196484375 0.79550733203125 0.29339712890625 0.79316858203125 0.3050572080078125 0.782472876953125 0.330290779296875 0.7786731591796875 0.3299685224609375 0.7637208212890625 0.321802943359375 0.7585864072265625 0.2641218984375 0.7518166923828125 0.2384586513671875 0.7356799609375 0.2176762880859375 0.73244540625 0.199017140625 0.7387401845703125 0.1885235732421875 0.7501693779296875 0.1897975029296875 0.7558869775390625 0.1841797841796875 0.762187763671875 0.1677462412109375 0.7649654052734375
0 0.907799556640625 0.309264544921875 0.8906241455078125 0.3132145654296875 0.8767384619140625 0.3274274072265625 0.91470126953125 0.344742525390625 0.9326185478515625 0.3396201259765625 0.9363278876953125 0.33375823046875 0.9361130498046875 0.323790005859375 0.92943120703125 0.3163108330078125 0.907799556640625 0.309264544921875
0 0.738255951171875 0.2911558642578125 0.740696392578125 0.2976069521484375 0.756388068359375 0.296001689453125 0.7810946083984375 0.3033425751953125 0.7898946357421875 0.302320498046875 0.7889379306640625 0.29352465234375 0.7695318837890625 0.2829612275390625 0.74238993359375 0.2871998369140625 0.738255951171875 0.2911558642578125
0 0.616159953125 0.463489564453125 0.6246427568359375 0.4655457333984375 0.6429846787109375 0.4623292001953125 0.6452102822265625 0.4588120634765625 0.64128610546875 0.4547057333984375 0.6289865439453125 0.4535273466796875 0.6160525341796875 0.4585054521484375 0.616159953125 0.463489564453125
0 0.6511502568359375 0.467463615234375 0.6744804814453125 0.48213337109375 0.688581001953125 0.4778887529296875 0.695682455078125 0.469243208984375 0.694833169921875 0.4654314755859375 0.6720350068359375 0.45765169921875 0.651042837890625 0.462479501953125 0.6511502568359375 0.467463615234375
0 0.078593 0.0631975888671875 0.0549505830078125 0.069636662109375 0.0742492109375 0.075215974609375 0.08304923828125 0.0741938984375 0.0844255546875 0.0668650283203125 0.078593 0.0631975888671875
0 0.280033443359375 0.77821023828125 0.2961497626953125 0.778510841796875 0.303993083984375 0.7686929189453126 0.3244582236328125 0.7750057197265625 0.3294414921875 0.7748614248046874 0.3293340732421875 0.7698773125 0.317986185546875 0.759464189453125 0.2980531083984375 0.7600413671875 0.2622135185546875 0.7522555830078125 0.236974916015625 0.73802471875 0.2100427724609375 0.734200970703125 0.196791537109375 0.7422573212890625 0.220438986328125 0.75384883203125 0.2369799482421875 0.7560553017578125 0.2560687705078125 0.7696969736328125 0.2717604462890625 0.7680917109375 0.280033443359375 0.77821023828125