1 0.107421875 0.4892578125 0.1298828125 0.484375 0.1396484375 0.4765625 0.1494140625 0.474609375 0.16015625 0.4619140625 0.16015625 0.4482421875 0.15625 0.4423828125 0.1259765625 0.416015625 0.1103515625 0.4140625 0.0732421875 0.431640625 0.0458984375 0.4375 0.0361328125 0.451171875 0.0234375 0.4580078125 0.0234375 0.4638671875 0.0380859375 0.478515625 0.0537109375 0.478515625 0.0693359375 0.484375 0.0888671875 0.48046875 0.1005859375 0.490234375
1 0.857421875 0.0458984375 0.865234375 0.0419921875 0.8720703125 0.025390625 0.8837890625 0.0234375 0.9072265625 0.005859375 0.9248046875 0.005859375 0.9296875 0.0009765625 0.7919921875 0 0.783203125 0.0068359375 0.7919921875 0.029296875 0.8037109375 0.03515625 0.8173828125 0.033203125 0.8251953125 0.044921875
1 0.24609375 0.4052734375 0.2578125 0.3955078125 0.2578125 0.3857421875 0.251953125 0.3798828125 0.255859375 0.3740234375 0.2470703125 0.3671875 0.2236328125 0.3671875 0.201171875 0.3857421875 0.2021484375 0.392578125 0.2158203125 0.392578125 0.2353515625 0.404296875
1 0.353515625 0.5439453125 0.3642578125 0.537109375 0.3876953125 0.53515625 0.39453125 0.5205078125 0.408203125 0.5087890625 0.3974609375 0.501953125 0.3876953125 0.50390625 0.3642578125 0.515625 0.3427734375 0.517578125 0.326171875 0.5302734375 0.326171875 0.5361328125 0.3330078125 0.54296875
1 0.806640625 0.7587890625 0.8427734375 0.74609375 0.8876953125 0.72265625 0.908203125 0.7041015625 0.8916015625 0.705078125 0.884765625 0.7001953125 0.884765625 0.6943359375 0.8720703125 0.685546875 0.8525390625 0.68359375 0.8330078125 0.69140625 0.8115234375 0.712890625 0.7568359375 0.732421875 0.75 0.7392578125 0.7529296875 0.75390625 0.7783203125 0.751953125 0.7919921875 0.759765625
0 0.08984375 0.4619140625 0.123046875 0.4365234375 0.1064453125 0.42578125 0.0888671875 0.42578125 0.0693359375 0.4375 0.064453125 0.4462890625 0.06640625 0.4560546875 0.0712890625 0.4609375
0 0.2109375 0.3916015625 0.2333984375 0.37890625 0.2490234375 0.376953125 0.25 0.3701171875 0.2451171875 0.3671875 0.2177734375 0.369140625 0.201171875 0.3837890625 0.2021484375 0.392578125
0 0.3984375 0.5146484375 0.40625 0.5107421875 0.4052734375 0.505859375 0.3916015625 0.50390625 0.3798828125 0.5078125 0.376953125 0.5126953125 0.3798828125 0.515625
0 0.353515625 0.5419921875 0.373046875 0.5224609375 0.3720703125 0.517578125 0.3505859375 0.517578125 0.330078125 0.5302734375 0.330078125 0.5341796875 0.3388671875 0.541015625
0 0.849609375 0.0107421875 0.8671875 0.0009765625 0.8427734375 0 0.837890625 0.0048828125 0.8408203125 0.01171875
0 0.7578125 0.7490234375 0.7763671875 0.73828125 0.7861328125 0.74609375 0.8017578125 0.7421875 0.8076171875 0.73046875 0.8232421875 0.728515625 0.8388671875 0.7109375 0.8544921875 0.705078125 0.875 0.6884765625 0.8603515625 0.68359375 0.8349609375 0.693359375 0.8134765625 0.712890625 0.7802734375 0.728515625 0.7607421875 0.732421875 0.751953125 0.7451171875 0.7529296875 0.75