1 1 0.3271484375 1 0.2666015625 0.9912109375 0.265625 0.9794921875 0.26953125 0.970703125 0.2822265625 0.96875 0.3056640625 0.9736328125 0.3125 0.9814453125 0.3125 0.9931640625 0.328125
1 0.888671875 0.4267578125 0.8984375 0.4150390625 0.890625 0.4052734375 0.892578125 0.3779296875 0.888671875 0.3623046875 0.8857421875 0.359375 0.8662109375 0.361328125 0.8544921875 0.35546875 0.8388671875 0.357421875 0.828125 0.3720703125 0.828125 0.3896484375 0.8564453125 0.419921875
1 0.912109375 0.7060546875 0.9248046875 0.689453125 0.9423828125 0.6796875 0.9677734375 0.67578125 0.9794921875 0.662109375 1 0.6533203125 0.9990234375 0.611328125 0.9833984375 0.625 0.9716796875 0.625 0.9501953125 0.638671875 0.9404296875 0.638671875 0.9345703125 0.630859375 0.9248046875 0.62890625 0.8974609375 0.6484375 0.8876953125 0.642578125 0.8681640625 0.64453125 0.84765625 0.6591796875 0.8515625 0.6845703125 0.8583984375 0.69140625 0.8662109375 0.69140625 0.8759765625 0.69921875 0.8955078125 0.697265625 0.9033203125 0.70703125
1 0.3125 0.4580078125 0.3251953125 0.455078125 0.3330078125 0.443359375 0.3408203125 0.447265625 0.3466796875 0.4375 0.3623046875 0.439453125 0.3642578125 0.431640625 0.3720703125 0.4296875 0.3759765625 0.435546875 0.3876953125 0.431640625 0.404296875 0.4189453125 0.40625 0.4111328125 0.4140625 0.4033203125 0.4140625 0.3955078125 0.421875 0.3798828125 0.419921875 0.3564453125 0.416015625 0.3466796875 0.3818359375 0.310546875 0.3662109375 0.306640625 0.3623046875 0.310546875 0.3583984375 0.30859375 0.3466796875 0.326171875 0.3037109375 0.3203125 0.2802734375 0.330078125 0.2626953125 0.330078125 0.25 0.3544921875 0.2431640625 0.361328125 0.2392578125 0.359375 0.232421875 0.3642578125 0.228515625 0.3896484375 0.234375 0.3935546875 0.234375 0.4013671875 0.2568359375 0.412109375 0.2607421875 0.419921875 0.26953125 0.4150390625 0.27734375 0.4248046875 0.275390625 0.4326171875 0.2822265625 0.451171875
1 0.654296875 0.2333984375 0.6669921875 0.232421875 0.671875 0.2216796875 0.685546875 0.2138671875 0.6904296875 0.197265625 0.6962890625 0.201171875 0.7177734375 0.203125 0.7216796875 0.19921875 0.7470703125 0.193359375 0.748046875 0.1748046875 0.7529296875 0.169921875 0.7626953125 0.169921875 0.763671875 0.1591796875 0.7783203125 0.154296875 0.7822265625 0.140625 0.7919921875 0.138671875 0.7998046875 0.125 0.8095703125 0.125 0.8291015625 0.109375 0.8408203125 0.107421875 0.8466796875 0.09765625 0.8662109375 0.091796875 0.8779296875 0.080078125 0.8955078125 0.076171875 0.90625 0.0654296875 0.9111328125 0.046875 0.9345703125 0.05078125 0.9404296875 0.060546875 0.9677734375 0.0625 0.96875 0.0517578125 0.9638671875 0.048828125 0.9833984375 0.046875 0.9873046875 0.03125 1 0.0322265625 1 0.0009765625 0.9638671875 0 0.9521484375 0.00390625 0.9384765625 0.017578125 0.9306640625 0.01953125 0.9228515625 0.015625 0.9189453125 0.02734375 0.91796875 0.0107421875 0.9228515625 0 0.8642578125 0 0.8369140625 0.01953125 0.7978515625 0.03125 0.7744140625 0.048828125 0.7607421875 0.048828125 0.7529296875 0.052734375 0.6708984375 0.1015625 0.6435546875 0.103515625 0.6279296875 0.109375 0.62109375 0.1220703125 0.623046875 0.1416015625 0.591796875 0.1748046875 0.595703125 0.2158203125 0.6318359375 0.220703125 0.6357421875 0.228515625
1 0.078125 0.5322265625 0.1064453125 0.5234375 0.1220703125 0.5 0.1455078125 0.5 0.1669921875 0.484375 0.1865234375 0.482421875 0.1962890625 0.490234375 0.2001953125 0.486328125 0.2021484375 0.490234375 0.208984375 0.4873046875 0.2109375 0.4677734375 0.205078125 0.4541015625 0.19921875 0.4521484375 0.19921875 0.4384765625 0.203125 0.4365234375 0.201171875 0.4267578125 0.1953125 0.4189453125 0.19140625 0.3935546875 0.1767578125 0.375 0.1630859375 0.3828125 0.1455078125 0.365234375 0.1220703125 0.369140625 0.1044921875 0.3828125 0.0751953125 0.390625 0.03125 0.4306640625 0.029296875 0.4404296875 0.03515625 0.4541015625 0.0234375 0.4755859375 0.0234375 0.4951171875 0.03125 0.5126953125 0.0498046875 0.533203125
0 0.068359375 0.5009765625 0.1005859375 0.482421875 0.1142578125 0.48046875 0.1474609375 0.45703125 0.1943359375 0.4375 0.19921875 0.4326171875 0.1953125 0.4228515625 0.1865234375 0.4140625 0.1787109375 0.419921875 0.1650390625 0.421875 0.1494140625 0.435546875 0.0908203125 0.4609375 0.0712890625 0.4765625 0.0615234375 0.4765625 0.056640625 0.4912109375
0 0.2578125 0.3974609375 0.3056640625 0.37890625 0.3251953125 0.365234375 0.3583984375 0.349609375 0.36328125 0.3447265625 0.361328125 0.3330078125 0.3505859375 0.328125 0.3408203125 0.337890625 0.3232421875 0.341796875 0.3193359375 0.34765625 0.2939453125 0.359375 0.2900390625 0.365234375 0.2607421875 0.375 0.24609375 0.3876953125 0.2509765625 0.396484375
0 0.626953125 0.2158203125 0.6435546875 0.208984375 0.6728515625 0.185546875 0.6943359375 0.177734375 0.7080078125 0.166015625 0.7548828125 0.146484375 0.7880859375 0.123046875 0.8291015625 0.107421875 0.8603515625 0.0859375 0.8857421875 0.078125 0.90234375 0.0634765625 0.90234375 0.0498046875 0.8837890625 0.046875 0.8564453125 0.064453125 0.8505859375 0.072265625 0.8349609375 0.076171875 0.8193359375 0.091796875 0.7724609375 0.103515625 0.7490234375 0.125 0.7333984375 0.1328125 0.7197265625 0.134765625 0.7099609375 0.146484375 0.6943359375 0.150390625 0.6572265625 0.173828125 0.6318359375 0.18359375 0.609375 0.2001953125 0.6181640625 0.216796875
0 0.6484375 0.1376953125 0.6689453125 0.123046875 0.6748046875 0.123046875 0.6806640625 0.1171875 0.6904296875 0.1171875 0.7021484375 0.109375 0.705078125 0.1064453125 0.703125 0.0927734375 0.6962890625 0.08984375 0.6650390625 0.10546875 0.6435546875 0.103515625 0.6279296875 0.109375 0.62109375 0.1201171875 0.623046875 0.1279296875 0.6337890625 0.138671875
0 0.751953125 0.0947265625 0.7705078125 0.076171875 0.787109375 0.0673828125 0.7890625 0.0595703125 0.7861328125 0.0546875 0.7783203125 0.05078125 0.7587890625 0.0546875 0.7197265625 0.07421875 0.70703125 0.0849609375 0.7119140625 0.095703125
0 0.826171875 0.0458984375 0.8349609375 0.044921875 0.8505859375 0.03515625 0.8603515625 0.03515625 0.8662109375 0.029296875 0.8798828125 0.02734375 0.8916015625 0.015625 0.9130859375 0.0078125 0.91796875 0.0009765625 0.8701171875 0 0.8525390625 0.0078125 0.8466796875 0.01953125 0.8310546875 0.021484375 0.8173828125 0.029296875 0.8056640625 0.029296875 0.794921875 0.0400390625 0.7958984375 0.044921875
0 0.935546875 0.0498046875 0.9990234375 0.017578125 1 0.0009765625 0.9736328125 0 0.9677734375 0.005859375 0.9501953125 0.01171875 0.92578125 0.0361328125 0.92578125 0.0478515625
0 1 0.3154296875 1 0.2666015625 0.9970703125 0.265625 0.978515625 0.2724609375 0.9765625 0.2919921875 0.99609375 0.3154296875
0 0.90625 0.6904296875 0.9384765625 0.677734375 0.9423828125 0.6796875 0.9873046875 0.654296875 0.9970703125 0.65234375 1 0.6494140625 1 0.6259765625 0.9833984375 0.62890625 0.9541015625 0.646484375 0.9365234375 0.650390625 0.9111328125 0.6640625 0.8974609375 0.6796875 0.892578125 0.6806640625 0.8935546875 0.6875 0.8994140625 0.69140625