1 0.685546875 0.8310546875 0.7939453125 0.80859375 0.8544921875 0.806640625 0.8779296875 0.794921875 0.8994140625 0.76953125 0.9130859375 0.763671875 0.92578125 0.7490234375 0.92578125 0.7119140625 0.93359375 0.7001953125 0.9296875 0.6904296875 0.9404296875 0.681640625 0.951171875 0.6845703125 0.943359375 0.6748046875 0.953125 0.6689453125 0.951171875 0.6611328125 0.9609375 0.6552734375 0.955078125 0.6025390625 0.9404296875 0.595703125 0.9072265625 0.6015625 0.8759765625 0.623046875 0.8466796875 0.6328125 0.8134765625 0.65625 0.65625 0.7998046875 0.65625 0.8212890625 0.6728515625 0.83203125
1 0.615234375 0.7978515625 0.7080078125 0.7109375 0.8173828125 0.619140625 0.8994140625 0.572265625 0.947265625 0.5576171875 0.9296875 0.4541015625 0.9228515625 0.44140625 0.9189453125 0.4453125 0.904296875 0.4423828125 0.908203125 0.4091796875 0.9140625 0.4052734375 0.908203125 0.3583984375 0.87109375 0.3310546875 0.87890625 0.2998046875 0.875 0.2822265625 0.8603515625 0.265625 0.8310546875 0.2578125 0.8154296875 0.248046875 0.8115234375 0.234375 0.7490234375 0.2109375 0.740234375 0.2021484375 0.734375 0.1513671875 0.71875 0.1259765625 0.697265625 0.0517578125 0.697265625 0.0302734375 0.720703125 0.0048828125 0.7119140625 0 0.6748046875 0 0.6591796875 0.005859375 0.6533203125 0.0703125 0.5947265625 0.0703125 0.5791015625 0.068359375 0.576171875 0.0634765625 0.626953125 0.0595703125 0.6162109375 0.05078125 0.6064453125 0.0546875 0.5751953125 0.046875 0.5576171875 0.0546875 0.5458984375 0.0390625 0.5341796875 0.041015625 0.5283203125 0.03125 0.5185546875 0.029296875 0.5068359375 0.017578125 0.4990234375 0.01953125 0.4619140625 0.00390625 0.4423828125 0 0.2939453125 0.001953125 0.234375 0.0400390625 0.232421875 0.0478515625 0.208984375 0.0673828125 0.201171875 0.0927734375 0.1708984375 0.12890625 0.1044921875 0.154296875 0.0791015625 0.169921875 0.0166015625 0.171875 0.0009765625 0.181640625 0 0.4892578125 0.0234375 0.5458984375 0.1220703125 0.6328125 0.1435546875 0.662109375 0.1845703125 0.677734375 0.2216796875 0.703125 0.2412109375 0.708984375 0.3037109375 0.7109375 0.3388671875 0.72265625 0.3583984375 0.720703125 0.3623046875 0.71484375 0.3740234375 0.716796875 0.4248046875 0.732421875 0.4482421875 0.748046875 0.46875 0.7744140625 0.4873046875 0.7890625 0.5478515625 0.796875 0.5693359375 0.779296875 0.6025390625 0.78515625 0.609375 0.7978515625
0 0.75390625 0.6728515625 0.755859375 0.6650390625 0.7421875 0.6220703125 0.61328125 0.2568359375 0.576171875 0.1787109375 0.56640625 0.1376953125 0.5390625 0.0927734375 0.537109375 0.0634765625 0.529296875 0.0400390625 0.5224609375 0.03125 0.5048828125 0.0234375 0.505859375 0.0380859375 0.6953125 0.5478515625 0.744140625 0.6689453125
0 0.89453125 0.7763671875 0.896484375 0.7509765625 0.880859375 0.6357421875 0.875 0.6181640625 0.8701171875 0.6171875 0.86328125 0.6259765625 0.8671875 0.6630859375 0.87890625 0.7080078125 0.884765625 0.7607421875 0.890625 0.7763671875
0 0.865234375 0.5927734375 0.869140625 0.5732421875 0.861328125 0.5166015625 0.841796875 0.4306640625 0.8203125 0.2919921875 0.810546875 0.2666015625 0.810546875 0.2490234375 0.7958984375 0.23046875 0.79296875 0.2412109375 0.822265625 0.4091796875 0.833984375 0.4501953125 0.849609375 0.5595703125 0.857421875 0.5888671875
0 0.671875 0.7470703125 0.671875 0.7373046875 0.634765625 0.6689453125 0.630859375 0.6533203125 0.5859375 0.5830078125 0.576171875 0.5537109375 0.52734375 0.4736328125 0.517578125 0.4482421875 0.5078125 0.4384765625 0.501953125 0.4169921875 0.412109375 0.2431640625 0.3984375 0.2197265625 0.3828125 0.2060546875 0.333984375 0.0947265625 0.28515625 0.0244140625 0.2802734375 0.01953125 0.2724609375 0.021484375 0.26953125 0.0322265625 0.306640625 0.1064453125 0.412109375 0.2919921875 0.48046875 0.4267578125 0.537109375 0.5185546875 0.58984375 0.6220703125 0.642578125 0.7041015625 0.654296875 0.7314453125 0.6669921875 0.748046875
0 0.576171875 0.7587890625 0.578125 0.7529296875 0.5703125 0.7392578125 0.376953125 0.4658203125 0.318359375 0.3740234375 0.302734375 0.3603515625 0.298828125 0.3466796875 0.236328125 0.2626953125 0.1953125 0.1943359375 0.154296875 0.1416015625 0.1435546875 0.140625 0.138671875 0.1494140625 0.16015625 0.1865234375 0.359375 0.4755859375 0.47265625 0.6337890625 0.546875 0.7236328125 0.560546875 0.7470703125
0 0.498046875 0.7900390625 0.501953125 0.7861328125 0.46875 0.7431640625 0.328125 0.5888671875 0.2421875 0.4833984375 0.173828125 0.4091796875 0.134765625 0.3564453125 0.10546875 0.3310546875 0.08984375 0.3037109375 0.0390625 0.2412109375 0.0009765625 0.205078125 0 0.2333984375 0.087890625 0.3388671875 0.365234375 0.6552734375 0.4404296875 0.734375 0.458984375 0.7451171875 0.46875 0.7666015625 0.4912109375 0.7890625
0 0.302734375 0.6943359375 0.2890625 0.6650390625 0.1259765625 0.498046875 0.0009765625 0.37890625 0.00390625 0.4033203125 0.08203125 0.4853515625 0.2978515625 0.6953125
0 0.802734375 0.8056640625 0.791015625 0.7568359375 0.7626953125 0.693359375 0.7578125 0.7060546875 0.771484375 0.7451171875 0.794921875 0.8037109375
0 0.70703125 0.8134765625 0.689453125 0.7685546875 0.6826171875 0.767578125 0.6796875 0.7763671875 0.68359375 0.7861328125 0.697265625 0.8115234375