1 0.02734375 0.005859375 0.02821180555555558 0.013997395833333334 0 0.07421875 0 0.9244791666666666 0.0026041666666666665 0.9290364583333334 0.014322916666666666 0.927734375 0.013671875 0.9322916666666666 0.020833333333333332 0.9329427083333334 0.022135416666666668 0.9368489583333334 0.029947916666666668 0.935546875 0.030598958333333332 0.9401041666666666 0.040364583333333336 0.9446614583333334 0.046875 0.9537760416666666 0.05078125 0.951171875 0.056640625 0.9583333333333334 0.059895833333333336 0.9641927083333334 0.0625 0.9654947916666666 0.059895833333333336 0.9680989583333334 0.06966145833333333 0.9661458333333334 0.0703125 0.9993489583333334 0.5298928990610329 0.9993489583333334 0.5334886695906432 0.9935543067738791 0.5377604166666666 0.9954427083333334 0.5364583333333334 0.9993489583333334 0.5443545386904761 0.9954520089285714 0.9993489583333334 0.99609375 0.9993489583333334 0.0546875 0.9893663194444445 0.044704861111111084 0.982366811774461 0.04174116397180764 0.9869791666666666 0.037109375 0.9856770833333334 0.034505208333333336 0.9793836805555555 0.034722222222222245 0.9743923611111112 0.029730902777777752 0.9791666666666666 0.029296875 0.9791666666666666 0.025390625 0.97265625 0.029154180936073065 0.9661458333333334 0.029011486872146126 0.9694010416666666 0.024739583333333332 0.96875 0 0.033854166666666664 0.001953125 0.03515625 0.008606235730593603 0.028645833333333332 0.008463541666666666
0 0.767578125 0.4404296875 0.826171875 0.3662109375 0.884765625 0.2705078125 0.943359375 0.1904296875 0.962890625 0.1513671875 0.9921875 0.1142578125 1 0.0966796875 0.9990234375 0.06640625 0.81640625 0.3388671875 0.8125 0.3564453125 0.76171875 0.4306640625 0.759765625 0.4384765625
0 0.3984375 0.9990234375 0.50390625 0.8505859375 0.646484375 0.6279296875 0.71484375 0.5322265625 0.724609375 0.5107421875 0.7216796875 0.501953125 0.703125 0.5166015625 0.634765625 0.6240234375 0.626953125 0.6279296875 0.609375 0.6611328125 0.59375 0.6748046875 0.576171875 0.7138671875 0.552734375 0.7392578125 0.546875 0.7548828125 0.51953125 0.7880859375 0.490234375 0.8388671875 0.427734375 0.9228515625 0.416015625 0.9501953125 0.380859375 0.9951171875 0.3837890625 1
0 0.1484375 0.8876953125 0.181640625 0.8388671875 0.22265625 0.7529296875 0.232421875 0.7451171875 0.234375 0.7353515625 0.27734375 0.6689453125 0.330078125 0.5654296875 0.431640625 0.3974609375 0.4375 0.3779296875 0.48046875 0.3115234375 0.5234375 0.2275390625 0.591796875 0.1279296875 0.61328125 0.0810546875 0.654296875 0.0185546875 0.6591796875 0 0.6474609375 0 0.630859375 0.0205078125 0.27734375 0.6201171875 0.25 0.6767578125 0.20703125 0.7451171875 0.173828125 0.8212890625 0.150390625 0.8564453125 0.138671875 0.8876953125
0 0.2578125 0.9990234375 0.298828125 0.9267578125 0.3671875 0.8251953125 0.423828125 0.7255859375 0.44921875 0.6962890625 0.455078125 0.6806640625 0.455078125 0.6591796875 0.501953125 0.5771484375 0.53125 0.5361328125 0.57421875 0.4580078125 0.6171875 0.3974609375 0.64453125 0.3466796875 0.671875 0.3115234375 0.68359375 0.2841796875 0.767578125 0.1591796875 0.8564453125 0 0.8349609375 0 0.830078125 0.0048828125 0.8046875 0.0556640625 0.755859375 0.1220703125 0.73046875 0.1806640625 0.67578125 0.2607421875 0.60546875 0.3857421875 0.5390625 0.4755859375 0.474609375 0.5888671875 0.3984375 0.7041015625 0.341796875 0.8095703125 0.24609375 0.9560546875 0.2265625 0.9990234375
0 0.0078125 0.8857421875 0.03515625 0.8349609375 0.04296875 0.8056640625 0.078125 0.7509765625 0.2265625 0.4482421875 0.2578125 0.3955078125 0.26953125 0.3564453125 0.28515625 0.3291015625 0.28515625 0.3193359375 0.3203125 0.2529296875 0.3212890625 0.234375 0.310546875 0.2431640625 0.294921875 0.2705078125 0.251953125 0.3623046875 0.2109375 0.4345703125 0.103515625 0.6630859375 0.08203125 0.6826171875 0.044921875 0.7529296875 0.013671875 0.8212890625 0.0078125 0.8486328125 0 0.8564453125 0 0.8857421875
0 0.001953125 0.5107421875 0.10546875 0.2939453125 0.115234375 0.2548828125 0.1123046875 0.24609375 0.091796875 0.2724609375 0.052734375 0.3701171875 0.00390625 0.4658203125 0 0.4775390625
0 0.12109375 0.1962890625 0.125 0.1943359375 0.1201171875 0.189453125 0.0185546875 0.123046875 0 0.1240234375 0.0009765625 0.130859375 0.0869140625 0.189453125
0 0.1484375 0.1884765625 0.16015625 0.1787109375 0.208984375 0.0673828125 0.2470703125 0 0.2333984375 0 0.22265625 0.0146484375 0.1484375 0.1630859375 0.14453125 0.1748046875
0 0.001953125 0.1083984375 0.029296875 0.0595703125 0.0537109375 0 0.041015625 0.0009765625 0.03515625 0.0205078125 0.013671875 0.0458984375 0 0.0791015625
0 0.3828125 0.1259765625 0.40625 0.0927734375 0.4541015625 0 0.4423828125 0 0.4375 0.0048828125 0.37890625 0.1123046875 0.376953125 0.1259765625
0 0.03125 0.4130859375 0.0302734375 0.40234375 0 0.3876953125 0.0009765625 0.404296875
0 0.298828125 0.5810546875 0.2978515625 0.572265625 0.2255859375 0.525390625 0.2021484375 0.513671875 0.193359375 0.5166015625 0.2021484375 0.529296875 0.2607421875 0.56640625 0.2900390625 0.58203125
0 0.169921875 0.5029296875 0.169921875 0.4931640625 0.1279296875 0.4609375 0.0615234375 0.423828125 0.0498046875 0.419921875 0.04296875 0.4228515625 0.0517578125 0.4375 0.1416015625 0.4921875 0.1630859375 0.50390625
0 0.203125 0.7412109375 0.205078125 0.7333984375 0.2001953125 0.728515625 0.1611328125 0.705078125 0.146484375 0.7041015625 0.1591796875 0.72265625 0.1826171875 0.73828125
0 0.552734375 0.9326171875 0.5458984375 0.919921875 0.5126953125 0.90234375 0.4873046875 0.890625 0.47265625 0.8935546875 0.5380859375 0.931640625
0 0.08984375 0.6708984375 0.0693359375 0.65234375 0.0439453125 0.642578125 0.0107421875 0.615234375 0 0.6123046875 0.0009765625 0.634765625 0.0146484375 0.63671875 0.0751953125 0.671875
0 0.453125 0.8818359375 0.453125 0.8740234375 0.4306640625 0.85546875 0.4150390625 0.8515625 0.3681640625 0.82421875 0.359375 0.8271484375 0.3642578125 0.83984375 0.3916015625 0.857421875 0.4423828125 0.8828125
0 0.3203125 0.8115234375 0.322265625 0.8056640625 0.3115234375 0.79296875 0.2392578125 0.751953125 0.224609375 0.7529296875 0.2294921875 0.765625 0.3076171875 0.810546875
0 0.251953125 0.9521484375 0.251953125 0.9443359375 0.2333984375 0.9296875 0.2060546875 0.916015625 0.193359375 0.9189453125 0.2041015625 0.931640625 0.2431640625 0.953125
0 0.349609375 0.9990234375 0.3447265625 0.990234375 0.2978515625 0.96484375 0.2841796875 0.9609375 0.275390625 0.9638671875 0.3134765625 0.994140625 0.3291015625 1
0 0.54296875 0.9990234375 0.5546875 0.9775390625 0.6171875 0.9033203125 0.68359375 0.8037109375 0.72265625 0.7646484375 0.78515625 0.6630859375 0.791015625 0.6494140625 0.7880859375 0.64453125 0.775390625 0.6513671875 0.72265625 0.7275390625 0.70703125 0.7392578125 0.677734375 0.7880859375 0.654296875 0.8134765625 0.59765625 0.8955078125 0.578125 0.9150390625 0.576171875 0.9267578125 0.556640625 0.9560546875 0.544921875 0.9638671875 0.53125 0.9951171875 0.5322265625 1
0 0.693359375 0.9990234375 0.744140625 0.9306640625 0.818359375 0.8447265625 0.822265625 0.8330078125 0.8984375 0.7412109375 0.935546875 0.6845703125 1 0.6044921875 0.9990234375 0.560546875 0.986328125 0.5732421875 0.974609375 0.5966796875 0.931640625 0.6455078125 0.919921875 0.6650390625 0.919921875 0.6826171875 0.91015625 0.7001953125 0.849609375 0.7783203125 0.8203125 0.8076171875 0.7734375 0.8779296875 0.728515625 0.9248046875 0.685546875 0.9814453125 0.6796875 0.9990234375
0 0.94921875 0.9990234375 0.9677734375 0.98046875 1 0.9970703125 1 0.9794921875 0.974609375 0.9697265625 1 0.9365234375 1 0.9130859375 0.98046875 0.9326171875 0.97265625 0.9482421875 0.9560546875 0.9609375 0.8916015625 0.92578125 0.88671875 0.9189453125 0.951171875 0.8427734375 0.955078125 0.8310546875 1 0.7861328125 0.9990234375 0.767578125 0.9619140625 0.8046875 0.939453125 0.8154296875 0.888671875 0.8837890625 0.8623046875 0.908203125 0.8349609375 0.890625 0.82421875 0.8935546875 0.8564453125 0.9140625 0.859375 0.9228515625 0.845703125 0.9443359375 0.8203125 0.9619140625 0.80078125 0.9951171875 0.8017578125 1 0.8212890625 1 0.8515625 0.9677734375 0.8779296875 0.9296875 0.9423828125 0.96484375 0.92578125 0.9990234375
0 0.923828125 0.4599609375 0.99609375 0.3544921875 0.9990234375 0.326171875 0.91796875 0.4443359375 0.916015625 0.4580078125