1 0.9018342903645834 1 0.9762238489583334 0.6016300677083334 0.9970105312499999 0.13392971744791668 0.5285471848958333 0.03523647916666667 0.06601407031249999 0.0044009374999999995 0 0.357918578125 0 0.9391710065104166 0.29378955859375 1 0.9018342903645834 1
0 0.23341711848958333 0.41967790364583335 0.23292621484375 0.41161315625 0.19654903385416667 0.3283854609375 0.19592501041666666 0.31033997135416663 0.066125375 0.00558715625 0.059618717447916664 0.03508470963541666 0.06408681249999999 0.05393172526041667 0.08611947526041668 0.0963471015625 0.09818417447916666 0.13867465364583334 0.14117615234375 0.22925339192708336 0.18130586328125 0.3351600950520834 0.22537119010416665 0.41999084505208334 0.23341711848958333 0.41967790364583335
0 0.4819652057291666 1 0.4779563046875 0.99220320703125 0.47143305208333336 0.9629746822916667 0.4253125690104167 0.8677624270833334 0.40578438671875 0.81193508203125 0.3849581940104167 0.7737524622395834 0.38205435156249995 0.7572222044270833 0.3636410963541667 0.7275050950520834 0.3534984348958334 0.6855783059895834 0.3406266276041667 0.6689602265625 0.3294106145833333 0.6327814244791666 0.3224380364583333 0.62734637890625 0.2748448424479167 0.5079398815104167 0.25926887239583335 0.48976265885416664 0.25477579296875 0.49778349479166667 0.26045035807291667 0.5208632669270833 0.31019025130208333 0.6287737890625 0.40971161458333333 0.8764530559895833 0.46629224869791663 1 0.4819652057291666 1
0 0.6960618385416667 0.8187146822916667 0.6961949583333333 0.8286954244791667 0.7043740078125 0.8383632265625001 0.7289943072916666 0.931083078125 0.7527243450520834 0.9857959557291666 0.7623345260416667 0.9877997734375 0.75652683984375 0.9547392578124999 0.7399025026041667 0.9154421705729167 0.7211814296875 0.8339053528645833 0.6914190455729167 0.7580286992187499 0.67488625 0.6968541289062501 0.43683712890625 0.036105196614583335 0.43296479687499995 0.0288643203125 0.41400013802083335 0.027600009114583334 0.4141304752604167 0.02938003645833333 0.44304417447916666 0.09910793880208334 0.45559977734374996 0.14950023958333333 0.5046241028645834 0.2612427526041667 0.53152422265625 0.3524473723958333 0.5616443932291667 0.42640802994791666 0.56383266796875 0.44677027864583335 0.6330092005208333 0.6323856276041667 0.6659416692708333 0.7447540247395833 0.6960618385416667 0.8187146822916667
0 0.6305689752604167 1 0.576754078125 0.8694805247395833 0.5403353190104166 0.7543946054687499 0.48648511328125 0.6257210703125 0.44380934244791664 0.50136811328125 0.39491813541666665 0.39960634244791665 0.34862295442708335 0.2625551197916667 0.30947505078125 0.17277790885416666 0.29522207421874996 0.11008810807291668 0.259335796875 0.034925158854166666 0.25421157421875 0.016947438802083332 0.23394078385416664 0.015596052083333332 0.2768919752604167 0.14408744661458334 0.3366414114583333 0.28394401432291666 0.3431646627604166 0.3131725377604167 0.36363307421874996 0.35327115364583334 0.38123921875 0.40869773567708334 0.41243273697916666 0.47691040625000003 0.44040620703125 0.5623670377604166 0.4617233046875 0.6086144036458333 0.4928252799479167 0.6987045559895834 0.4888896640625 0.7197805104166667 0.4917935078125 0.7363107669270833 0.51141323046875 0.7702606315104167 0.54890533984375 0.8795985638020833 0.5975718828125 0.99325707421875 0.59987808984375 1 0.6305689752604167 1
0 0.9018342916666667 1 0.90452363671875 0.9855980572916666 0.8982666236979168 0.97633101953125 0.89750948046875 0.9483047864583334 0.8792793125 0.87483271484375 0.8556408190104167 0.7982423567708333 0.8380762513020833 0.7746739986979166 0.7742248919270834 0.52846048828125 0.7471001093749999 0.44915260677083335 0.7216311223958334 0.35028400390625003 0.7112637955729166 0.3202539544270833 0.7023026210937501 0.30942777213541667 0.6998646979166666 0.32783011458333333 0.72229672265625 0.4001877174479167 0.7205078059895834 0.40976769661458334 0.7308751315104166 0.4397977473958334 0.7352516848958334 0.48052224479166666 0.7563441184895834 0.5386663502604166 0.8469624778645833 0.8661037382812501 0.8715412018229167 0.9269653671875 0.8738625976562501 0.9573083580729166 0.8874235143229167 1 0.9018342916666667 1
0 0.9058138085937499 0.36380545312499996 0.9013207291666667 0.3718262890625 0.9037752460937499 0.41215002473958334 0.9659292317708333 0.6460660338541667 0.9739335833333334 0.6138948684895833 0.9722362109375 0.6015973658854167 0.9417166796875001 0.49769447916666665 0.9211651158854166 0.3938794153645833 0.9058138085937499 0.36380545312499996
0 0.9411759934895834 0.31345150260416665 0.9899378906249999 0.29306412630208334 0.9907796940104167 0.27412354427083335 0.9085013776041667 0.3066385208333333 0.9028018268229167 0.3104266015625 0.9062881171875 0.31314412369791667 0.9411759934895834 0.31345150260416665
0 0.8871592968750001 0.28725900651041664 0.8854619231770834 0.27496150390625 0.8396160690104167 0.1141168046875 0.8317282434895833 0.09754263671875 0.8182739895833334 0.09473729036458334 0.84341017578125 0.16865403645833332 0.8710674401041666 0.28788488932291667 0.8808107421875001 0.2998694505208333 0.8871592968750001 0.28725900651041664
0 0.6299809895833334 0.060452828125 0.6260703567708333 0.05466092838541667 0.6145381393229167 0.05225634635416667 0.6446333255208333 0.15308485807291666 0.6616154453124999 0.19046594921875 0.6673815559895834 0.19166824088541667 0.6679640013020833 0.17785550651041668 0.6299809895833334 0.060452828125
0 0.9549878489583333 0.5442547877604167 0.9788552786458333 0.54242290625 0.9794739986979167 0.5285017083333333 0.9579166744791667 0.5339171927083334 0.9549878489583333 0.5442547877604167
0 0.7683838346354167 0.6078617565104166 0.74317269921875 0.61454856640625 0.66347055859375 0.6457042135416667 0.6608995143229167 0.6541258125 0.6693697877604167 0.6568872473958333 0.7010625963541667 0.647570734375 0.7655215690104167 0.6231897213541667 0.7764963229166667 0.6125391861979167 0.7683838346354167 0.6078617565104166
0 0.94166671484375 0.5514301848958333 0.9354762617187501 0.5471535182291667 0.9232284791666667 0.5485809283854167 0.8510813619791667 0.57135888671875 0.8038541575520833 0.5943563997395833 0.8020652421875 0.6039363776041666 0.8086134765624999 0.6062970494791667 0.8319025768229166 0.5992094739583333 0.9303341783854168 0.5639967174479167 0.94166671484375 0.5514301848958333
0 0.7252501653645833 0.822810140625 0.7257410703125 0.8308748880208333 0.746459125 0.8322089114583333 0.772385828125 0.8216901080729166 0.78827800390625 0.8060931119791667 0.7736838398437501 0.8040453815104166 0.7309497161458333 0.8190220611979168 0.7252501653645833 0.822810140625
0 0.36122797526041667 0.9489535208333333 0.43259296484375004 0.9250171822916666 0.4187143671875 0.9191374609374999 0.39158119531249996 0.9254235104166666 0.35568652994791666 0.9358544895833334 0.3466338098958333 0.9469057903645833 0.36122797526041667 0.9489535208333333
0 0.9381386653645833 0.7467683736979166 0.9004550833333332 0.7667793333333334 0.8736796953125 0.7711493854166668 0.8500993723958333 0.7851433281250001 0.86433575390625 0.7891070520833333 0.9303589778645834 0.7670428007812501 0.9441710143229166 0.7679321497395833 0.9492465403645833 0.7460985794270832 0.9381386653645833 0.7467683736979166
0 0.5562357018229166 0.8831176145833334 0.5481232135416666 0.8784401848958333 0.49698537630208334 0.8956457981770832 0.48089351822916665 0.8962716809895833 0.45539116015625 0.909864859375 0.45396002864583335 0.91752884375 0.46435233463541664 0.9206910416666667 0.5189764622395833 0.9062029505208334 0.54910501953125 0.8945696783854166 0.5562357018229166 0.8831176145833334
0 0.5966900078125 0.86965616796875 0.5975386940104167 0.8758049192708333 0.6102108216145833 0.8774518854166667 0.6953212890625 0.84941452734375 0.7024519713541667 0.8379624622395833 0.68821558984375 0.83399873828125 0.6095867981770834 0.8594063958333332 0.5966900078125 0.86965616796875
0 0.35341046484375 1 0.3485974244791667 0.9791647786458334 0.33849633854166666 0.9690962135416666 0.32464272526041665 0.9363486393229167 0.3248673880208333 0.9244519010416666 0.30922485677083333 0.9012843059895833 0.26851269921875 0.8091903372395833 0.2500994453125 0.7794732278645834 0.23021348177083334 0.72556187890625 0.216983890625 0.7108597942708333 0.17904245442708333 0.62531533984375 0.1678014609375 0.616004390625 0.16402394791666666 0.6201932356770833 0.16728557421875 0.63480749609375 0.2101860078125 0.7472637148437501 0.24147107161458334 0.7935989036458334 0.28857336067708333 0.9049406536458333 0.3364827604166667 0.9905729309895833 0.3395326783854167 1 0.35341046484375 1
0 0 0.5961242343750001 0.015353162760416665 0.6250246510416667 0.04149613802083333 0.6882030403645834 0.09963974218749999 0.7938846236979167 0.10133711718749999 0.8061821263020833 0.15863203515625 0.9057149596354166 0.19608256640625 0.9831946679687501 0.20953682031249998 0.9860000130208334 0.20699076041666667 0.9675537604166666 0.17508167578125 0.90317308203125 0.13946163671875 0.8479716197916667 0.10621296223958333 0.7693774414062501 0.08274916536458334 0.73462605078125 0.037477368489583336 0.6455625455729167 0.031087235677083335 0.626314765625 0.03430728515625 0.6090708033854166 0.026352899739583335 0.5875062630208333 0 0.5426760416666666 0 0.5961242343750001
0 0 0.88556765625 0.027151438802083334 0.8773046549479168 0.04612215494791667 0.9200768815104167 0.07001029427083334 0.9579026497395833 0.08923065755208333 0.9619102851562501 0.09108613411458333 0.9573206783854166 0.07794808723958334 0.9207411132812501 0.05618166276041667 0.89828722265625 0.0466630234375 0.8744059231770834 0.05115610286458333 0.8663850872395833 0.08662642708333333 0.8528797317708333 0.07659190234375 0.8478015377604167 0.046463345052083334 0.8594348098958333 0.024988144531250003 0.8300745533854167 0 0.7783777122395833 0 0.8285736901041667 0.02047008203125 0.8649632408854168 0.01441275 0.8706673177083334 0 0.8750535520833332 0 0.88556765625
0 0.018540205729166665 0.2604146002604167 0.01623540234375 0.2887976861979167 0.06803045182291667 0.40708971484375 0.07607638151041667 0.4067767721354167 0.07665882682291666 0.3929640390625 0.018540205729166665 0.2604146002604167