1 0.5975842083333334 1 0.5911832903645834 0.9676274687499999 0.5693905625 0.6784119674479167 0.5736903203125 0.6218457799479167 0.5676291184895833 0.5553915299479167 0.5721706341145834 0.5027330169270833 0.5797341276041666 0.49892044140625 0.5674391041666667 0.45777097916666665 0.5404315494791666 0.44670391276041665 0.5269623033854166 0.43384943229166667 0.5032874010416667 0.24027687109374998 0.4915277096354167 0.22353848958333333 0.5095213697916666 0.435589296875 0.51439102734375 0.45126754557291665 0.50487622265625 0.45505634635416664 0.5038919427083334 0.4706632721354167 0.53854080078125 1 0.5975842083333334 1
0 0.5197614479166667 0.4435235208333333 0.5094867278645833 0.27744733203125 0.5025621263020833 0.22855384635416667 0.49738164713541666 0.22360981380208333 0.5000755559895833 0.31442759635416667 0.5167049765625 0.4571528333333333 0.5197614479166667 0.4435235208333333
0 0.5409668815104166 0.47111499479166663 0.5376168359375 0.4642408997395833 0.5214019401041666 0.45428151432291664 0.5147536653645833 0.45712905859374997 0.5181037096354166 0.46400315234375 0.5351129440104166 0.4710436692708333 0.5409668815104166 0.47111499479166663
0 0.5336969635416667 0.4954309765625 0.52083211328125 0.49234568359375 0.5241821575520833 0.49921977734374995 0.5371678880208334 0.5042589075520834 0.5336969635416667 0.4954309765625
0 0.5352511432291667 0.5520684895833333 0.5359246015625 0.5471957825520833 0.5230597513020833 0.5441104895833333 0.5225071731770833 0.5509370338541667 0.5352511432291667 0.5520684895833333
0 0.5419858033854167 0.6136500325520834 0.529120953125 0.6105647395833333 0.5264961822916666 0.615413671875 0.5305196861979167 0.61741505859375 0.5419858033854167 0.6136500325520834
0 0.5474598567708333 0.6390974687500001 0.5345950065104167 0.6360121770833334 0.53404242578125 0.6428387213541666 0.5474598567708333 0.6390974687500001
0 0.5536246888020834 0.7387431822916667 0.5473562981770833 0.7162146145833334 0.5452150416666667 0.7288788958333333 0.5502055794270834 0.746510984375 0.5536246888020834 0.7387431822916667
0 0.5516906236979167 0.7074817825520833 0.54397168359375 0.6615071640625 0.5459575651041667 0.7093642955729167 0.5516906236979167 0.7074817825520833
0 0.5747781315104167 1 0.5666278111979167 0.9331619010416666 0.5618099700520833 0.9340793841145834 0.5658883151041666 1 0.5747781315104167 1
0 0.5672494544270833 0.9116934648437499 0.5695115885416667 0.90098301953125 0.5567676184895833 0.89985156640625 0.554505484375 0.9105620091145834 0.5672494544270833 0.9116934648437499
0 0.567335765625 0.8658139453125 0.5617926497395833 0.85500840234375 0.5551443736979167 0.8578559466145833 0.5518461432291667 0.8675775846354167 0.567335765625 0.8658139453125
0 0.5472354921875 0.8245693841145832 0.54759812890625 0.8304308958333334 0.5535729453125 0.8324560585937499 0.5633295091145833 0.8325749322916667 0.5577863932291667 0.8217693893229167 0.5472354921875 0.8245693841145832
0 0.55604226953125 0.7778199322916667 0.5490313580729167 0.77480596484375 0.55262316015625 0.7855877330729166 0.55604226953125 0.7778199322916667
0 0.5613781953125 0.8325511588541666 0.5557142005208333 0.8197917773437501 0.54906592578125 0.8226393216145834 0.5561977174479167 0.8276071263020833 0.54735637109375 0.8265232213541666 0.5535729453125 0.8324560585937499 0.5613781953125 0.8325511588541666
0 0.5438508046875 0.6595533268229167 0.5399999947916666 0.6761015091145833 0.5495839361979167 0.7679794205729166 0.5542290846354166 0.7485123710937499 0.5498774375000001 0.6781742200520834 0.5438508046875 0.6595533268229167