1 0.5524845026041666 0.17570435026041667 0.5261292630208333 0.3870327721354167 0.5276971666666667 0.403059171875 0.5174532200520833 0.4057190546875 0.5132197109375 0.4210108815104167 0.43523876692708335 0.9611555117187499 0.4921422486979166 0.9693498580729166 0.4957616119791666 0.9648619309895833 0.496284390625 0.9214014765625 0.53496132421875 0.6334831041666666 0.5510329700520834 0.5781420572916667 0.5588729127604167 0.5118662916666666 0.5743696328125 0.46040941276041664 0.5826797747395833 0.4575046731770833 0.57904748046875 0.41549658854166666 0.5545221757812501 0.4015095377604167 0.5438209609375 0.38729440624999995 0.5606769869791667 0.19355879427083333 0.5524845026041666 0.17570435026041667
0 0.5346484296874999 0.39602540234375 0.5590827955729166 0.23094813411458334 0.5624017669270833 0.18190628125 0.5582859153645833 0.176438921875 0.5420181731770833 0.2663786119791667 0.5287685807291667 0.4091302864583333 0.5346484296874999 0.39602540234375
0 0.549961984375 0.4256631783854166 0.5480673997395834 0.4184985924479167 0.5340342838541666 0.40682930208333334 0.5268347760416666 0.40888542838541664 0.5287293606770833 0.41605001432291666 0.54416057421875 0.42492860546875 0.549961984375 0.4256631783854166
0 0.537666578125 0.44883738671875 0.5255280481770833 0.44433268359375 0.5274226328125 0.45149726953125 0.5392737005208333 0.45794405859375 0.537666578125 0.44883738671875
0 0.52739634375 0.5049130091145834 0.5290819036458333 0.5001802252604167 0.5169433736979167 0.4956755208333334 0.5149703515625 0.502350390625 0.52739634375 0.5049130091145834
0 0.5212419609375 0.5664559895833333 0.5091034309895833 0.5619512864583334 0.50548406640625 0.5664392122395833 0.5090642109375 0.5688710143229166 0.5212419609375 0.5664559895833333
0 0.5213725481770833 0.5921928177083333 0.5092340182291667 0.58768811328125 0.50726099609375 0.5943629830729167 0.5213725481770833 0.5921928177083333
0 0.5067119296875 0.6912391783854166 0.5051832447916667 0.66829305078125 0.5004140286458333 0.6805493190104167 0.50169446875 0.6985178046875 0.5067119296875 0.6912391783854166
0 0.51131133984375 0.6601658098958333 0.5132322122395833 0.61391465625 0.50522246484375 0.6613733216145833 0.51131133984375 0.6601658098958333
0 0.4719810403645834 0.96580780859375 0.47907625000000004 0.8845991158854166 0.4740980091145834 0.8849580143229167 0.46231202083333334 0.9645835208333334 0.4719810403645834 0.96580780859375
0 0.48417214843749995 0.8634810325520833 0.48865390104166667 0.8531668489583333 0.4762279075520834 0.85060423046875 0.47174615494791666 0.8609184140625 0.48417214843749995 0.8634810325520833
0 0.49382823697916667 0.8182093098958334 0.4905747760416667 0.8069156953125001 0.4833752669270834 0.8089718216145833 0.47807034375 0.8181925325520832 0.49382823697916667 0.8182093098958334
0 0.48246072916666666 0.7752217929687499 0.48159833854166667 0.7810480507812501 0.48711228776041665 0.7837247096354166 0.4967813072916667 0.7849489973958333 0.49352784375 0.7736553828125 0.48246072916666666 0.7752217929687499
0 0.5009626666666667 0.7300808893229167 0.4946255481770833 0.7263107578125 0.49594520703125 0.737359515625 0.5009626666666667 0.7300808893229167
0 0.4948475026041667 0.784704140625 0.49188150390625 0.7714684401041666 0.4846819947916667 0.77352456640625 0.49073165104166666 0.7792367825520833 0.482173265625 0.7771638789062499 0.48711228776041665 0.7837247096354166 0.4948475026041667 0.784704140625
0 0.5135196770833333 0.6119725703125 0.50624173046875 0.62786815234375 0.4965985703125 0.7196358867187499 0.5052746145833333 0.70094960546875 0.51562328515625 0.63103452734375 0.5135196770833333 0.6119725703125