1 0.513671875 0.9990234375 0.515625 0.4560546875 0.513671875 0.4404296875 0.50390625 0.4365234375 0.5078125 0.4208984375 0.5126953125 0.208984375 0.501953125 0.2255859375 0.490234375 0.4189453125 0.4775390625 0.431640625 0.451171875 0.4423828125 0.44140625 0.4833984375 0.44921875 0.4873046875 0.45703125 0.5400390625 0.455078125 0.6064453125 0.462890625 0.6630859375 0.458984375 0.9521484375 0.453125 0.9951171875 0.4560546875 1
0 0.501953125 0.4423828125 0.509765625 0.2998046875 0.5068359375 0.208984375 0.501953125 0.2138671875 0.498046875 0.2626953125 0.498046875 0.4287109375
0 0.484375 0.4560546875 0.5009765625 0.44921875 0.50390625 0.4423828125 0.4970703125 0.439453125 0.4814453125 0.44921875 0.478515625 0.4560546875
0 0.484375 0.4892578125 0.4970703125 0.484375 0.5 0.4775390625 0.4873046875 0.48046875
0 0.501953125 0.5361328125 0.5009765625 0.529296875 0.48828125 0.5322265625 0.4892578125 0.537109375
0 0.498046875 0.6025390625 0.501953125 0.6005859375 0.4990234375 0.595703125 0.486328125 0.5986328125
0 0.49609375 0.6279296875 0.4951171875 0.62109375 0.482421875 0.6240234375
0 0.486328125 0.7314453125 0.490234375 0.7138671875 0.4873046875 0.701171875 0.482421875 0.7236328125
0 0.48828125 0.6943359375 0.4873046875 0.646484375 0.482421875 0.6923828125
0 0.486328125 0.9990234375 0.486328125 0.9189453125 0.4814453125 0.91796875 0.4765625 0.9990234375
0 0.4921875 0.8955078125 0.4892578125 0.884765625 0.4765625 0.8857421875 0.4794921875 0.896484375
0 0.4921875 0.8525390625 0.48828125 0.8427734375 0.4814453125 0.83984375 0.4765625 0.8505859375
0 0.48828125 0.8173828125 0.494140625 0.8154296875 0.494140625 0.8095703125 0.4833984375 0.806640625 0.478515625 0.8173828125
0 0.486328125 0.7705078125 0.4892578125 0.759765625 0.482421875 0.7626953125
0 0.48828125 0.8173828125 0.494140625 0.8115234375 0.4853515625 0.8125 0.4921875 0.8076171875 0.4853515625 0.8046875 0.48046875 0.8173828125
0 0.48828125 0.7529296875 0.4921875 0.6611328125 0.4873046875 0.64453125 0.482421875 0.6630859375 0.482421875 0.7333984375