1 0.193359375 0.2998046875 0.208984375 0.2724609375 0.208984375 0.2587890625 0.1884765625 0.240234375 0.1708984375 0.236328125 0.16015625 0.2568359375 0.1640625 0.2841796875 0.1748046875 0.296875
1 0.162109375 0.3955078125 0.185546875 0.3720703125 0.1875 0.3603515625 0.1689453125 0.3359375 0.1552734375 0.333984375 0.1396484375 0.353515625 0.126953125 0.3603515625 0.123046875 0.3740234375 0.1416015625 0.392578125
1 0.001953125 0.5947265625 0.0732421875 0.5625 0.1064453125 0.55859375 0.1494140625 0.53515625 0.1904296875 0.525390625 0.19921875 0.5205078125 0.201171875 0.5048828125 0.1982421875 0.5 0.1572265625 0.5 0.1240234375 0.509765625 0.1123046875 0.5078125 0.0888671875 0.51953125 0.0693359375 0.54296875 0.0478515625 0.54296875 0.0048828125 0.5546875 0 0.5576171875
1 0.353515625 0.4111328125 0.3623046875 0.404296875 0.3935546875 0.3984375 0.4482421875 0.376953125 0.462890625 0.3642578125 0.4716796875 0.34765625 0.501953125 0.3310546875 0.5234375 0.3037109375 0.52734375 0.2861328125 0.4951171875 0.279296875 0.4462890625 0.287109375 0.4033203125 0.306640625 0.3798828125 0.326171875 0.3115234375 0.349609375 0.302734375 0.3583984375 0.302734375 0.3935546875 0.3408203125 0.412109375
1 0.423828125 0.4833984375 0.4443359375 0.4765625 0.4541015625 0.48046875 0.470703125 0.4560546875 0.46484375 0.4521484375 0.478515625 0.4443359375 0.478515625 0.4345703125 0.4560546875 0.427734375 0.4052734375 0.423828125 0.3984375 0.4345703125 0.416015625 0.4599609375 0.41796875 0.4814453125
1 0.017578125 0.3916015625 0.0849609375 0.357421875 0.087890625 0.3505859375 0.0810546875 0.34765625 0.0478515625 0.353515625 0.0185546875 0.369140625 0.0009765625 0.3671875 0 0.3896484375
0 0.609375 0.3798828125 0.61328125 0.3583984375 0.623046875 0.3466796875 0.619140625 0.3408203125 0.623046875 0.3310546875 0.62109375 0.3095703125 0.6318359375 0.25390625 0.7255859375 0.22265625 0.734375 0.2236328125 0.7109375 0.3271484375 0.7109375 0.3466796875 0.7138671875 0.353515625 0.7197265625 0.353515625 0.72265625 0.3193359375 0.748046875 0.2177734375 0.8330078125 0.189453125 0.8623046875 0.185546875 0.869140625 0.1748046875 0.8291015625 0.173828125 0.8056640625 0.185546875 0.7548828125 0.193359375 0.751953125 0.1884765625 0.76953125 0.1044921875 0.7666015625 0.09765625 0.748046875 0.1611328125 0.74609375 0.1962890625 0.6962890625 0.208984375 0.6767578125 0.22265625 0.6357421875 0.228515625 0.640625 0.1708984375 0.6484375 0.1435546875 0.6484375 0.1376953125 0.6416015625 0.134765625 0.623046875 0.2314453125 0.5693359375 0.244140625 0.55078125 0.2568359375 0.5888671875 0.25390625 0.6083984375 0.24609375 0.6162109375 0.24609375 0.62109375 0.2548828125 0.615234375 0.2900390625 0.607421875 0.2939453125 0.61328125 0.2978515625 0.60546875 0.3544921875
0 0.5859375 0.5322265625 0.595703125 0.5087890625 0.607421875 0.4033203125 0.6513671875 0.38671875 0.65625 0.3876953125 0.6591796875 0.3984375 0.6787109375 0.3828125 0.7197265625 0.376953125 0.724609375 0.3603515625 0.7529296875 0.349609375 0.7509765625 0.341796875 0.5888671875 0.39453125 0.572265625 0.4052734375 0.59765625 0.4052734375 0.580078125 0.5068359375 0.580078125 0.5302734375
0 0.451171875 0.5771484375 0.45703125 0.5439453125 0.4560546875 0.4921875 0.44921875 0.5068359375 0.4453125 0.5419921875 0.4453125 0.5771484375
0 0.34765625 0.6494140625 0.4384765625 0.619140625 0.4482421875 0.6015625 0.4580078125 0.6015625 0.4658203125 0.61328125 0.4775390625 0.61328125 0.4951171875 0.607421875 0.5107421875 0.58984375 0.5478515625 0.578125 0.5615234375 0.578125 0.5791015625 0.595703125 0.6123046875 0.58984375 0.6748046875 0.55859375 0.705078125 0.5341796875 0.6982421875 0.533203125 0.6708984375 0.552734375 0.5791015625 0.564453125 0.5341796875 0.580078125 0.4970703125 0.58203125 0.4697265625 0.591796875 0.4248046875 0.587890625 0.3974609375 0.603515625 0.3291015625 0.615234375 0.318359375 0.6259765625 0.310546875 0.6455078125
0 0.642578125 0.6904296875 0.658203125 0.6376953125 0.6572265625 0.62109375 0.64453125 0.6435546875
0 0.3828125 0.7314453125 0.3935546875 0.71875 0.4287109375 0.70703125 0.4580078125 0.6875 0.5556640625 0.650390625 0.55859375 0.6611328125 0.55078125 0.6943359375 0.5576171875 0.69921875 0.5693359375 0.64453125 0.6123046875 0.6328125 0.697265625 0.5908203125 0.6669921875 0.595703125 0.6669921875 0.572265625 0.658203125 0.5849609375 0.6572265625 0.59765625 0.5771484375 0.630859375 0.572265625 0.6279296875 0.5732421875 0.6015625 0.5615234375 0.63671875 0.4501953125 0.6796875 0.443359375 0.6767578125 0.4423828125 0.669921875 0.4267578125 0.689453125 0.361328125 0.7158203125 0.359375 0.7216796875 0.3681640625 0.732421875
0 0.96875 0.6240234375 0.96875 0.6044921875 0.9814453125 0.62109375 0.990234375 0.6025390625 0.98046875 0.5986328125 0.974609375 0.5849609375 0.970703125 0.5263671875 0.9638671875 0.55078125 0.9560546875 0.53125 0.9375 0.5302734375 0.9375 0.5224609375 0.904296875 0.4794921875 0.876953125 0.4248046875 0.84765625 0.3798828125 0.83984375 0.3564453125 0.8291015625 0.349609375 0.82421875 0.3681640625 0.830078125 0.3896484375 0.84375 0.3994140625 0.84765625 0.4169921875 0.861328125 0.4345703125 0.859375 0.4404296875 0.8671875 0.4541015625 0.892578125 0.4736328125 0.896484375 0.5009765625 0.923828125 0.5361328125 0.921875 0.5458984375 0.9345703125 0.544921875 0.9375 0.5556640625 0.955078125 0.5732421875 0.962890625 0.5869140625 0.96484375 0.6240234375
0 0.98046875 0.4169921875 0.994140625 0.4013671875 0.990234375 0.3701171875 0.9765625 0.3544921875 0.962890625 0.3232421875 0.904296875 0.2490234375 0.87890625 0.2060546875 0.8681640625 0.203125 0.904296875 0.2705078125 0.953125 0.3349609375 0.9609375 0.3525390625 0.962890625 0.3916015625
0 0.916015625 0.8896484375 0.884765625 0.8291015625 0.880859375 0.7978515625 0.8515625 0.7509765625 0.83984375 0.7197265625 0.8232421875 0.703125 0.82421875 0.7236328125 0.83984375 0.7724609375 0.8515625 0.7841796875 0.87109375 0.8408203125 0.8837890625 0.861328125 0.89453125 0.8583984375 0.90234375 0.8896484375