1 0.18657112526539277 0.8427734375 0.19761809978768577 0.828125 0.21602972399150744 0.8251953125 0.21848460721868365 0.7998046875 0.233213906581741 0.7939453125 0.23812367303609341 0.7568359375 0.2528529723991507 0.7373046875 0.25530785562632696 0.7197265625 0.2724920382165605 0.7158203125 0.27740180467091297 0.6630859375 0.2958134288747346 0.65625 0.37191480891719747 0.658203125 0.37191480891719747 0.669921875 0.40873805732484075 0.669921875 0.4161027070063694 0.65625 0.4504710721868365 0.65625 0.45169851380042464 0.6435546875 0.4357417728237792 0.640625 0.43451433121019106 0.6318359375 0.45169851380042464 0.6240234375 0.4578357218683652 0.609375 0.4713375796178344 0.6083984375 0.4750199044585987 0.59375 0.5302547770700637 0.5888671875 0.5265724522292994 0.578125 0.49956873673036095 0.580078125 0.49097664543524416 0.5693359375 0.5106157112526539 0.5615234375 0.511843152866242 0.548828125 0.5388468683651805 0.544921875 0.543756634819533 0.537109375 0.5854896496815286 0.533203125 0.6075835987261147 0.544921875 0.6689556794055201 0.544921875 0.789244957537155 0.5859375 0.8702561040339702 0.595703125 0.8813030785562632 0.5927734375 0.8813030785562632 0.5244140625 0.8923500530785563 0.517578125 0.8935774946921444 0.5458984375 0.9205812101910829 0.5771484375 0.923036093418259 0.6083984375 0.9389928343949044 0.609375 0.9586319002123143 0.623046875 0.9819532908704883 0.6044921875 0.9942277070063694 0.5107421875 0.9794984076433121 0.4560546875 0.9598593418259024 0.4248046875 0.945130042462845 0.4189453125 0.9426751592356688 0.4072265625 0.9254909766454352 0.3935546875 0.9033970276008493 0.3369140625 0.8739384288747346 0.3037109375 0.8371151804670913 0.1962890625 0.8088840233545648 0.19921875 0.8076565817409767 0.1904296875 0.789244957537155 0.185546875 0.7818803078556263 0.171875 0.767151008492569 0.171875 0.7536491507430998 0.1591796875 0.7585589171974523 0.1533203125 0.7487393842887473 0.1552734375 0.7462845010615711 0.1259765625 0.7327826433121019 0.12109375 0.7217356687898089 0.1357421875 0.7106886942675159 0.09765625 0.7070063694267515 0.1240234375 0.7168259023354565 0.1279296875 0.7033240445859873 0.14453125 0.6714105626326964 0.140625 0.6517714968152867 0.12890625 0.6480891719745223 0.1494140625 0.6345873142250531 0.15625 0.4750199044585987 0.15625 0.4713375796178344 0.1279296875 0.45169851380042464 0.1240234375 0.4480161889596603 0.103515625 0.3768245753715499 0.1171875 0.3375464437367304 0.12890625 0.32772691082802546 0.140625 0.29826831210191085 0.14453125 0.25530785562632696 0.1748046875 0.22830414012738853 0.2080078125 0.19393577494692144 0.2939453125 0.17920647558386413 0.2998046875 0.12765392781316348 0.3486328125 0.08837579617834394 0.4091796875 0.06873673036093418 0.4580078125 0.05155254777070064 0.5654296875 0.0073646496815286625 0.5986328125 0.017184182590233545 0.6474609375 0.004909766454352441 0.6748046875 0.004909766454352441 0.7041015625 0.0073646496815286625 0.7177734375 0.017184182590233545 0.7197265625 0.017184182590233545 0.7333984375 0.040505573248407645 0.75 0.0589171974522293 0.7509765625 0.0589171974522293 0.7744140625 0.07855626326963906 0.7841796875 0.07978370488322718 0.810546875 0.0945130042462845 0.791015625 0.09942277070063694 0.796875 0.13624601910828024 0.796875 0.13992834394904458 0.8271484375 0.1546576433121019 0.8291015625 0.1546576433121019 0.8408203125
0 0.5940817409766455 0.5322265625 0.6063561571125266 0.5087890625 0.6063561571125266 0.4599609375 0.600218949044586 0.453125 0.5867170912951167 0.4541015625 0.5842622080679406 0.5126953125
0 0.6063561571125266 0.4501953125 0.6088110403397028 0.3056640625 0.6210854564755839 0.2001953125 0.6149482484076433 0.19140625 0.6063561571125266 0.1943359375 0.5989915074309978 0.2333984375 0.5867170912951167 0.3525390625 0.5867170912951167 0.4462890625
0 0.6849124203821656 0.5458984375 0.6873673036093418 0.4892578125 0.677547770700637 0.4775390625 0.6898221868365181 0.4541015625 0.6922770700636943 0.2861328125 0.6873673036093418 0.1884765625 0.6787752123142251 0.1796875 0.6701831210191083 0.1884765625 0.667728237791932 0.4697265625 0.6750928874734607 0.4775390625 0.667728237791932 0.4833984375 0.6652733545647559 0.5400390625 0.6714105626326964 0.546875
0 0.778197983014862 0.5009765625 0.7855626326963907 0.4833984375 0.7806528662420382 0.3134765625 0.7659235668789809 0.2646484375 0.7475119426751592 0.25 0.7634686836518046 0.3564453125 0.7585589171974523 0.4912109375 0.7696058917197452 0.501953125
0 0.9917728237791932 0.9990234375 0.9598593418259024 0.8603515625 0.9623142250530785 0.8154296875 0.9279458598726115 0.7001953125 0.9156714437367304 0.5830078125 0.9033970276008493 0.5634765625 0.8960323779193206 0.5166015625 0.8592091295116773 0.4384765625 0.8101114649681529 0.2607421875 0.7536491507430998 0.1181640625 0.7487393842887473 0.0771484375 0.7327826433121019 0.0703125 0.7143710191082803 0.0810546875 0.711916135881104 0.1142578125 0.7462845010615711 0.1513671875 0.8002919320594479 0.2939453125 0.8322054140127388 0.4326171875 0.8739384288747346 0.5380859375 0.900942144373673 0.6533203125 0.9574044585987261 0.9853515625 0.9635416666666666 1
0 0.5130705944798302 0.5166015625 0.5535761677282378 0.205078125 0.5327096602972399 0.2197265625 0.5155254777070064 0.2705078125 0.5057059447983014 0.4208984375 0.4958864118895966 0.4638671875 0.5057059447983014 0.5146484375
0 0.40751061571125263 0.3251953125 0.42960456475583864 0.2548828125 0.4234673566878981 0.2421875 0.40751061571125263 0.2509765625 0.39523619957537154 0.3095703125 0.39523619957537154 0.3212890625
0 0.28476645435244163 0.4853515625 0.2921311040339703 0.4365234375 0.2835390127388535 0.4296875 0.2749469214437367 0.4384765625 0.2724920382165605 0.4833984375
0 0.28967622080679406 0.4228515625 0.3068604033970276 0.3388671875 0.34859341825902335 0.2470703125 0.34491109341825904 0.240234375 0.3314092356687898 0.2451171875 0.30195063694267515 0.2958984375 0.27740180467091297 0.4033203125 0.27740180467091297 0.4228515625
0 0.20621019108280256 0.4384765625 0.23075902335456475 0.3525390625 0.27985668789808915 0.2705078125 0.2786292462845011 0.25390625 0.25039808917197454 0.2783203125 0.2233943736730361 0.3193359375 0.19148089171974522 0.4091796875 0.19148089171974522 0.4384765625
0 0.12519904458598727 0.5732421875 0.14238322717622082 0.5263671875 0.14483811040339703 0.4599609375 0.13747346072186836 0.4482421875 0.15956740976645437 0.4462890625 0.17429670912951167 0.3740234375 0.19393577494692144 0.3544921875 0.2135748407643312 0.3056640625 0.2135748407643312 0.2978515625 0.19516321656050956 0.291015625 0.1767515923566879 0.3095703125 0.16938694267515925 0.3349609375 0.14729299363057324 0.3544921875 0.1522027600849257 0.3662109375 0.14238322717622082 0.3837890625 0.13747346072186836 0.4267578125 0.12765392781316348 0.4384765625 0.1301088110403397 0.4677734375 0.11537951167728237 0.5576171875 0.1178343949044586 0.5732421875
0 0.19393577494692144 0.4677734375 0.18534368365180467 0.458984375 0.0945130042462845 0.42578125 0.07855626326963906 0.4267578125 0.08714835456475584 0.4375 0.1657046178343949 0.46484375
0 0.9279458598726115 0.7958984375 0.9218086518046709 0.783203125 0.8383426220806794 0.734375 0.5756701167728238 0.609375 0.3989185244161359 0.533203125 0.2786292462845011 0.48828125 0.24548832271762208 0.4853515625 0.3989185244161359 0.55078125 0.4283771231422505 0.556640625 0.622312898089172 0.642578125 0.6763203290870489 0.66796875 0.7033240445859873 0.689453125 0.7843351910828026 0.720703125 0.8064291401273885 0.7421875
0 0.14483811040339703 0.5712890625 0.16815950106157113 0.56640625 0.18043391719745222 0.5703125 0.1902534501061571 0.560546875 0.2958134288747346 0.541015625 0.3179073779193206 0.54296875 0.3289543524416136 0.5361328125 0.2909036624203822 0.533203125 0.18534368365180467 0.55078125 0.13747346072186836 0.5693359375
0 0.9033970276008493 0.7412109375 0.9058519108280255 0.7255859375 0.877620753715499 0.71484375 0.7818803078556263 0.693359375 0.7438296178343949 0.6943359375 0.7548765923566879 0.703125 0.8039742569002123 0.716796875 0.8137937898089171 0.712890625 0.8358877388535032 0.724609375
0 0.7413747346072187 0.7021484375 0.6910496284501062 0.673828125 0.44310642250530785 0.63671875 0.22953158174097665 0.615234375 0.11906183651804671 0.61328125 0.10310509554140128 0.6181640625 0.11415207006369427 0.625 0.24426088110403396 0.626953125 0.38664410828025475 0.640625
0 0.7855626326963907 0.2548828125 0.7769705414012739 0.244140625 0.6873673036093418 0.2197265625 0.6935045116772823 0.228515625
0 0.22093949044585987 0.2744140625 0.2688097133757962 0.248046875 0.2835390127388535 0.251953125 0.35718550955414013 0.224609375 0.4357417728237792 0.2109375 0.612493365180467 0.20703125 0.6591361464968153 0.220703125 0.677547770700637 0.2158203125 0.5486664012738853 0.19921875 0.4357417728237792 0.203125 0.3547306263269639 0.216796875 0.2786292462845011 0.244140625 0.25899018046709127 0.236328125 0.25039808917197454 0.2412109375 0.25162553078556266 0.25 0.23935111464968153 0.248046875 0.21848460721868365 0.2646484375
0 0.8714835456475584 0.5693359375 0.8739384288747346 0.5595703125 0.8604365711252654 0.55078125 0.8285230891719745 0.541015625 0.7426021762208068 0.49609375 0.644406847133758 0.4609375 0.5388468683651805 0.43359375 0.45292595541401276 0.421875 0.26763315140091676 0.42326754731816063 0.11698150494128706 0.4679736447975669 0.06933953127456659 0.507219461405276 0.046591535669417955 0.568988926844983 0.09552113024604986 0.4990290322867285 0.1285700931304894 0.47616407391611426 0.18865905582799583 0.4522753119056817 0.24660199677400726 0.4372595356030139 0.3092662012913364 0.43077543546949454 0.4136478237791932 0.4296875 0.5192078025477707 0.4375 0.6198580148619958 0.462890625 0.7401472929936306 0.51171875 0.7646961252653928 0.515625
0 0.9033970276008493 0.5087890625 0.9181263269639066 0.4638671875 0.923036093418259 0.3837890625 0.900942144373673 0.3330078125 0.8506170382165605 0.296875 0.8444798301486199 0.3037109375 0.8616640127388535 0.3154296875 0.8690286624203821 0.3447265625 0.8886677282377919 0.3564453125 0.900942144373673 0.3818359375 0.9033970276008493 0.4306640625 0.8886677282377919 0.4990234375
0 0.8592091295116773 0.4169921875 0.866573779193206 0.3427734375 0.8420249469214437 0.2998046875 0.8236133227176221 0.29296875 0.8493895966029724 0.3408203125 0.8469347133757962 0.3935546875
0 0.9598593418259024 0.5048828125 0.9574044585987261 0.4912109375 0.9193537685774947 0.4609375 0.923036093418259 0.4794921875
0 0.967223991507431 0.4736328125 0.967223991507431 0.4599609375 0.9242635350318471 0.41796875 0.9205812101910829 0.4365234375 0.9279458598726115 0.4541015625 0.9610867834394905 0.462890625 0.9598593418259024 0.4716796875