0 0.5576171875 0.93402734375 0.560546875 0.9288203125 0.560546875 0.91840234375 0.55859375 0.9149296875 0.55859375 0.907986328125 0.560546875 0.904513671875 0.560546875 0.89409765625 0.55859375 0.890625 0.55859375 0.85590234375 0.560546875 0.848958984375 0.5576171875 0.84027734375 0.552734375 0.848958984375 0.552734375 0.85590234375 0.55078125 0.859375 0.55078125 0.869791015625 0.552734375 0.873263671875 0.552734375 0.921875 0.5546875 0.92534765625 0.5546875 0.932291015625 0.5576171875 0.93402734375
0 0.6044921875 0.701388671875 0.6064453125 0.701388671875 0.60753515625 0.702693359375 0.608888671875 0.70259375 0.608078125 0.69797265625 0.60851953125 0.692876953125 0.607623046875 0.692681640625 0.605107421875 0.693490234375 0.6031875 0.68992578125 0.60106640625 0.6858046875 0.598095703125 0.689833984375 0.593076171875 0.6943203125 0.5880625 0.6914375 0.587890625 0.6961796875 0.595703125 0.70659765625 0.595703125 0.713541015625 0.5986328125 0.71875 0.6015625 0.717013671875 0.6015625 0.70659765625 0.6044921875 0.701388671875
0 0.552734375 0.6788203125 0.55078125 0.682291015625 0.55078125 0.713541015625 0.552734375 0.717013671875 0.552734375 0.7586796875 0.5556640625 0.767361328125 0.55859375 0.76215234375 0.55859375 0.7413203125 0.560546875 0.73784765625 0.560546875 0.717013671875 0.5625 0.713541015625 0.5625 0.501736328125 0.560546875 0.498263671875 0.560546875 0.44965234375 0.5625 0.442708984375 0.560546875 0.439236328125 0.560546875 0.407986328125 0.55859375 0.404513671875 0.55859375 0.3836796875 0.560546875 0.380208984375 0.560546875 0.36284765625 0.5625 0.359375 0.5625 0.3350703125 0.564453125 0.33159765625 0.564453125 0.3211796875 0.5625 0.317708984375 0.5625 0.30034765625 0.5556640625 0.2881953125 0.552734375 0.2899296875 0.552734375 0.3038203125 0.55078125 0.307291015625 0.55078125 0.435763671875 0.552734375 0.439236328125 0.55078125 0.4461796875 0.55078125 0.6336796875 0.552734375 0.63715234375 0.552734375 0.6788203125
0 0.6494140625 1 0.650390625 0.98090234375 0.65234375 0.9774296875 0.650390625 0.970486328125 0.650390625 0.939236328125 0.6484375 0.935763671875 0.6484375 0.907986328125 0.650390625 0.904513671875 0.650390625 0.626736328125 0.6484375 0.623263671875 0.650390625 0.619791015625 0.650390625 0.588541015625 0.6484375 0.5850703125 0.6484375 0.484375 0.650390625 0.48090234375 0.650390625 0.467013671875 0.6484375 0.463541015625 0.6484375 0.442708984375 0.646484375 0.439236328125 0.6484375 0.376736328125 0.64453125 0.3663203125 0.64453125 0.359375 0.646484375 0.35590234375 0.646484375 0.33159765625 0.6484375 0.328125 0.6484375 0.3211796875 0.646484375 0.317708984375 0.646484375 0.307291015625 0.6435546875 0.302083984375 0.6416015625 0.302083984375 0.63671875 0.314236328125 0.63671875 0.33159765625 0.634765625 0.3350703125 0.634765625 0.348958984375 0.63671875 0.3524296875 0.63671875 0.390625 0.638671875 0.39409765625 0.638671875 0.48090234375 0.63671875 0.484375 0.63671875 0.501736328125 0.638671875 0.505208984375 0.638671875 0.515625 0.63671875 0.51909765625 0.638671875 0.5225703125 0.63671875 0.529513671875 0.63671875 0.66840234375 0.6298828125 0.670138671875 0.6298828125 0.677083984375 0.6259765625 0.677083984375 0.625 0.685763671875 0.63671875 0.689236328125 0.63671875 0.692708984375 0.6337890625 0.6944453125 0.6328125 0.69965234375 0.63671875 0.703125 0.63671875 0.7100703125 0.638671875 0.713541015625 0.638671875 0.7274296875 0.63671875 0.73090234375 0.638671875 0.734375 0.638671875 0.8350703125 0.640625 0.838541015625 0.640625 0.984375 0.642578125 0.98784765625 0.642578125 0.994791015625 0.6455078125 1 0.6494140625 1
0 0.458984375 0.880208984375 0.458984375 0.869791015625 0.4560546875 0.864583984375 0.453125 0.8663203125 0.453125 0.873263671875 0.451171875 0.876736328125 0.453125 0.880208984375 0.453125 0.907986328125 0.4560546875 0.90972265625 0.4609375 0.8975703125 0.4609375 0.8836796875 0.458984375 0.880208984375
0 0.455078125 0.505208984375 0.45703125 0.501736328125 0.45703125 0.48090234375 0.458984375 0.4774296875 0.45703125 0.463541015625 0.4541015625 0.458333984375 0.451171875 0.463541015625 0.451171875 0.51215234375 0.453125 0.515625 0.4541015625 0.548611328125 0.455078125 0.532986328125 0.45703125 0.529513671875 0.45703125 0.51215234375 0.455078125 0.505208984375
0 0.458984375 0.751736328125 0.458984375 0.73784765625 0.4609375 0.734375 0.4609375 0.689236328125 0.458984375 0.685763671875 0.458984375 0.661458984375 0.4609375 0.657986328125 0.458984375 0.654513671875 0.458984375 0.6336796875 0.4609375 0.626736328125 0.458984375 0.623263671875 0.458984375 0.5850703125 0.4560546875 0.583333984375 0.453125 0.588541015625 0.453125 0.828125 0.4560546875 0.833333984375 0.458984375 0.82465234375 0.458984375 0.796875 0.45703125 0.79340234375 0.45703125 0.755208984375 0.458984375 0.751736328125
0 0.697265625 0.029513671875 0.6953125 0.0086796875 0.6923828125 0 0.6875 0.001736328125 0.685546875 0.0086796875 0.6875 0.01215234375 0.6875 0.032986328125 0.689453125 0.0399296875 0.6923828125 0.045138671875 0.6943359375 0.045138671875 0.6953125 0.032986328125 0.697265625 0.029513671875
0 0.1533203125 0.5868046875 0.1533203125 0.59375 0.158203125 0.592013671875 0.1572265625 0.5868046875 0.1533203125 0.5868046875
0 0.15234375 0.41840234375 0.15234375 0.4288203125 0.1552734375 0.4305546875 0.15625 0.411458984375 0.1533203125 0.40972265625 0.150390625 0.4149296875 0.15234375 0.41840234375
0 0.154423828125 0.238740234375 0.153107421875 0.234755859375 0.1508828125 0.233189453125 0.149333984375 0.23304296875 0.149482421875 0.2370546875 0.1511796875 0.239095703125 0.15269921875 0.241943359375 0.15409375 0.24575390625 0.1550859375 0.242419921875 0.154423828125 0.238740234375
0 0.152904296875 0.328205078125 0.154724609375 0.33432421875 0.155298828125 0.3294453125 0.155125 0.322484375 0.15261328125 0.322517578125 0.1500703125 0.322240234375 0.150431640625 0.32580859375 0.152642578125 0.328462890625 0.152904296875 0.328205078125
0 0.1956484375 0.14368359375 0.195970703125 0.145462890625 0.19862890625 0.14957421875 0.200044921875 0.150505859375 0.200216796875 0.146564453125 0.19792578125 0.144201171875 0.1956484375 0.14368359375
0 0.200123046875 0.499046875 0.201537109375 0.50135546875 0.20398046875 0.50253515625 0.20625 0.50097265625 0.204857421875 0.497748046875 0.2018359375 0.496828125 0.200123046875 0.499046875
0 0.369140625 0.755208984375 0.3701171875 0.767361328125 0.373046875 0.76215234375 0.37109375 0.7586796875 0.3701171875 0.74652734375 0.3671875 0.751736328125 0.369140625 0.755208984375
0 0.3447265625 0.93402734375 0.34375 0.939236328125 0.3486328125 0.947916015625 0.349609375 0.935763671875 0.3447265625 0.93402734375
0 0.15946484375 0.93470703125 0.15708984375 0.937302734375 0.155400390625 0.9384375 0.15546875 0.9440234375 0.158197265625 0.9416015625 0.159904296875 0.94282421875 0.16047265625 0.9398671875 0.15940234375 0.93796484375 0.15946484375 0.93470703125
0 0.054416015625 0.2366875 0.053470703125 0.237984375 0.053775390625 0.2425390625 0.0576171875 0.244251953125 0.05944921875 0.24477734375 0.0583984375 0.24125390625 0.05781640625 0.237294921875 0.054416015625 0.2366875
0 0.055126953125 0.32561328125 0.05365234375 0.328044921875 0.055185546875 0.3310390625 0.05810546875 0.3324296875 0.0602265625 0.334123046875 0.060521484375 0.330935546875 0.058173828125 0.326439453125 0.055126953125 0.32561328125
0 0.055490234375 0.412162109375 0.054830078125 0.4145546875 0.054990234375 0.41770703125 0.057541015625 0.41810546875 0.06040625 0.41911328125 0.059921875 0.4157421875 0.058708984375 0.4127265625 0.055490234375 0.412162109375
0 0.0105234375 0.50243359375 0.009681640625 0.504119140625 0.0150078125 0.506833984375 0.0163046875 0.50412890625 0.014990234375 0.502189453125 0.012087890625 0.500646484375 0.0105234375 0.50243359375
0 0.10726171875 0.504068359375 0.10463671875 0.50841796875 0.107384765625 0.508109375 0.108609375 0.506076171875 0.1099140625 0.50217578125 0.1088359375 0.501365234375 0.10726171875 0.504068359375
0 0.157734375 0.760044921875 0.15523828125 0.76211328125 0.153505859375 0.7640390625 0.154015625 0.768287109375 0.156822265625 0.766771484375 0.15867578125 0.766796875 0.159537109375 0.764615234375 0.159125 0.76293359375 0.157734375 0.760044921875
0 0.10510546875 0.151640625 0.100353515625 0.146828125 0.10047265625 0.149064453125 0.1047890625 0.15639453125 0.10510546875 0.151640625
0 0.3623046875 0.017361328125 0.361328125 0.0399296875 0.3642578125 0.045138671875 0.365234375 0.01909765625 0.3623046875 0.017361328125
0 0.30859375 0.126736328125 0.3056640625 0.12152734375 0.3056640625 0.1319453125 0.30859375 0.126736328125
0 0.157607421875 0.672982421875 0.15634765625 0.67403125 0.152857421875 0.675375 0.153359375 0.6808515625 0.155740234375 0.68073828125 0.15767578125 0.681408203125 0.15901953125 0.682626953125 0.15910546875 0.6752578125 0.157607421875 0.672982421875