1 0.318359375 0.4169921875 0.34375 0.4013671875 0.35546875 0.3154296875 0.373046875 0.2802734375 0.373046875 0.2646484375 0.359375 0.2490234375 0.353515625 0.1845703125 0.3271484375 0.171875 0.298828125 0.1806640625 0.279296875 0.2314453125 0.28515625 0.3388671875 0.30078125 0.3544921875 0.287109375 0.3974609375 0.2978515625 0.412109375
1 0.16015625 0.4111328125 0.181640625 0.4013671875 0.181640625 0.3837890625 0.205078125 0.3544921875 0.19140625 0.3291015625 0.203125 0.2998046875 0.205078125 0.2646484375 0.1884765625 0.255859375 0.1259765625 0.263671875 0.111328125 0.2880859375 0.11328125 0.3310546875 0.142578125 0.3837890625 0.142578125 0.3974609375
0 0.13671875 0.7333984375 0.138671875 0.7666015625 0.146484375 0.7685546875 0.15234375 0.6845703125 0.1435546875 0.67578125
0 0.15234375 0.2939453125 0.150390625 0.3955078125 0.158203125 0.4091796875 0.1640625 0.3974609375 0.1630859375 0.28125
0 0.333984375 0.4111328125 0.333984375 0.2119140625 0.3232421875 0.20703125 0.322265625 0.4072265625
0 0.341796875 0.5361328125 0.3271484375 0.533203125 0.322265625 0.5615234375 0.330078125 0.8740234375 0.337890625 0.9072265625 0.345703125 0.8642578125
0 0.513671875 0.8427734375 0.490234375 0.5068359375 0.490234375 0.3603515625 0.4765625 0.1845703125 0.4638671875 0.138671875 0.4609375 0.2119140625 0.50390625 0.8623046875
0 0.5830078125 0 0.603515625 0.2353515625 0.61328125 0.2646484375 0.61328125 0.1962890625 0.59375 0.0048828125
0 0.65625 0.6435546875 0.650390625 0.5205078125 0.626953125 0.3330078125 0.6201171875 0.32421875 0.615234375 0.3427734375 0.630859375 0.5341796875 0.642578125 0.6279296875 0.646484375 0.6416015625
0 0.734375 0.0439453125 0.73046875 0.0009765625 0.7216796875 0 0.72265625 0.0341796875
0 0.783203125 0.3583984375 0.7578125 0.1689453125 0.7431640625 0.115234375 0.76953125 0.3330078125
0 0.849609375 0.0791015625 0.841796875 0.0166015625 0.8310546875 0 0.837890625 0.0595703125
0 0.8671875 0.2119140625 0.87890625 0.2626953125 0.89453125 0.2802734375 0.876953125 0.1884765625 0.8681640625 0.181640625
0 0.95703125 0.6201171875 0.8935546875 0.29296875 0.89453125 0.3564453125 0.94921875 0.6103515625
0 0.958984375 0.0615234375 0.955078125 0.0009765625 0.9423828125 0 0.947265625 0.0517578125
0 1 0.2236328125 0.982421875 0.1494140625 0.9755859375 0.14453125 0.9765625 0.1806640625 0.98828125 0.2060546875 1 0.2724609375
0 0.669921875 0.8447265625 0.673828125 0.9169921875 0.69140625 0.9833984375 0.6875 0.8681640625 0.6767578125 0.830078125
0 0.85546875 0.8759765625 0.87109375 0.9990234375 0.88671875 0.9990234375 0.88671875 0.9072265625 0.8623046875 0.853515625
0 1 0.7861328125 0.9853515625 0.77734375 0.982421875 0.7939453125 1 0.8486328125
0 0.3359375 0.9990234375 0.349609375 0.9990234375 0.3427734375 0.966796875