1 0.303281822265625 0.21395344921875 0.303060396484375 0.237522259765625 0.319126275390625 0.254021701171875 0.34020775 0.237360203125 0.361691240234375 0.195173697265625 0.3569787421875 0.16154061328125 0.347090478515625 0.15221836328125 0.29578202734375 0.157588013671875 0.2749628125 0.12906809765625 0.23727369921875 0.135098748046875 0.2197018671875 0.166667806640625 0.218396919921875 0.201973802734375 0.26027719140625 0.224638525390625 0.273756775390625 0.205643115234375 0.29533917578125 0.204725630859375 0.303281822265625 0.21395344921875
1 0.062246451171875 0.178675505859375 0.04692333984375 0.14354496484375 0.0401222890625 0.185461583984375 0.062246451171875 0.178675505859375
1 0.01936710546875 0.653639794921875 0.0325044765625 0.659630392578125 0.138450435546875 0.665754845703125 0.14853970703125 0.66231459375 0.15600184765625 0.64499209375 0.152734046875 0.595709423828125 0.140038064453125 0.574461126953125 0.104877169921875 0.553105001953125 0.05732020703125 0.539007099609375 0.015935306640625 0.537816576171875 0.01936710546875 0.653639794921875
1 0.224820873046875 0.64047230078125 0.240467501953125 0.5980025078125 0.2357345859375 0.575175728515625 0.206911470703125 0.56984690625 0.20291813671875 0.6236895703125 0.21685780859375 0.642050783203125 0.224820873046875 0.64047230078125
1 0.290392515625 0.575863529296875 0.26806734765625 0.595412111328125 0.2743642890625 0.6330520234375 0.304570845703125 0.655150173828125 0.331267755859375 0.66234076953125 0.424838068359375 0.664917138671875 0.4768688671875 0.6517226953125 0.483908578125 0.670731505859375 0.49680556640625 0.679217298828125 0.5518450859375 0.6651863984375 0.556117919921875 0.6506565546875 0.587108078125 0.632511 0.590678982421875 0.614999642578125 0.556622025390625 0.571100025390625 0.5392920390625 0.568293970703125 0.51875232421875 0.579086875 0.41794129296875 0.5702641953125 0.39970837109375 0.577239130859375 0.367896951171875 0.56194045703125 0.34789899609375 0.566864765625 0.33283496484375 0.581853353515625 0.290392515625 0.575863529296875
0 0.34885476171875 0.17544732421875 0.34107228515625 0.175069611328125 0.33880558203125 0.17845330078125 0.319349388671875 0.177509017578125 0.3177248515625 0.173936466796875 0.31383361328125 0.173747611328125 0.305409150390625 0.180324181640625 0.303784435546875 0.176753587890625 0.294056337890625 0.1762814453125 0.29243180078125 0.172708896484375 0.257410654296875 0.17100918359375 0.2557861171875 0.1674366328125 0.24994926171875 0.16715334765625 0.246700189453125 0.160008251953125 0.24362121875 0.16160566796875 0.24524575390625 0.165178216796875 0.24411240234375 0.1668700625 0.23292987109375 0.171567884765625 0.233421234375 0.17683032421875 0.242828248046875 0.180780587890625 0.244452783203125 0.18435313671875 0.250610724609375 0.181158302734375 0.254180880859375 0.184825279296875 0.258393203125 0.181536017578125 0.26358789453125 0.18877554296875 0.275261609375 0.189342115234375 0.28368625390625 0.182763587890625 0.287256408203125 0.186430564453125 0.30282136328125 0.187185994140625 0.307033685546875 0.183896728515625 0.312228375 0.191136255859375 0.318065234375 0.191419541015625 0.31968994921875 0.194990134765625 0.336067173828125 0.197531837890625 0.340770677734375 0.19950696875 0.344983001953125 0.19621770703125 0.348382875 0.191144125 0.35129174609375 0.18080419140625 0.34885476171875 0.17544732421875
0 0.40989655078125 0.6150678984375 0.407629849609375 0.618451587890625 0.403738609375 0.618262732421875 0.400338736328125 0.623336314453125 0.399696568359375 0.6302925546875 0.402945640625 0.637437654296875 0.40570370703125 0.639316400390625 0.409915849609375 0.63602909375 0.417849310546875 0.624186171875 0.418491296875 0.617231884765625 0.40989655078125 0.6150678984375
0 0.504589732421875 0.62665113671875 0.4950319140625 0.6349195546875 0.494389748046875 0.641875794921875 0.499584619140625 0.64911336328125 0.502342505859375 0.650994068359375 0.510275787109375 0.6391531015625 0.510917953125 0.632196859375 0.508480970703125 0.6268399921875 0.504589732421875 0.62665113671875
0 0.550321525390625 0.639349826171875 0.553721580078125 0.6342742890625 0.554042662109375 0.63079616796875 0.54414428515625 0.62158346484375 0.538307427734375 0.6213001796875 0.528749611328125 0.629568595703125 0.52746527734375 0.643481080078125 0.5290899921875 0.647051671875 0.53768473828125 0.64921566015625 0.53995144140625 0.64583196875 0.545788298828125 0.64611525390625 0.54837590625 0.6392553984375 0.550321525390625 0.639349826171875
0 0.464223091796875 0.629930576171875 0.4625985546875 0.62635802734375 0.46324054296875 0.6194037421875 0.458858119140625 0.613950490234375 0.443293166015625 0.613195060546875 0.439080841796875 0.616484326171875 0.435680787109375 0.62155986328125 0.4343966328125 0.635470388671875 0.439912408203125 0.639231794921875 0.446561712890625 0.641299400390625 0.45304055859375 0.6346283984375 0.458877416015625 0.634911685546875 0.463089740234375 0.631622421875 0.464223091796875 0.629930576171875
0 0.491272212890625 0.630087978515625 0.4894716484375 0.629523103515625 0.487889859375 0.62944633203125 0.48499283203125 0.62930573046875 0.48689144140625 0.62319841796875 0.48557489453125 0.62026960546875 0.48430159375 0.6197303203125 0.48298441015625 0.619666392578125 0.48219254296875 0.619627958984375 0.479866662109375 0.61903758984375 0.478284873046875 0.6189608203125 0.476793783203125 0.620780708984375 0.4754388046875 0.62686331640625 0.478979017578125 0.638793474609375 0.48399210546875 0.6423477421875 0.48723204296875 0.6448708046875 0.48944637109375 0.644023302734375 0.490419607421875 0.64216059375 0.491621998046875 0.6320148984375 0.491272212890625 0.630087978515625
0 0.3681322421875 0.613227583984375 0.362096904296875 0.6143533671875 0.35634565234375 0.614074236328125 0.33741672265625 0.613155541015625 0.3322805 0.6119512890625 0.324029341796875 0.61059585546875 0.311764 0.60746183984375 0.299930650390625 0.603099072265625 0.2907778046875 0.598787802734375 0.286979955078125 0.5986034765625 0.281578197265625 0.59881486328125 0.2786828828125 0.60151371484375 0.27579547265625 0.607048388671875 0.278249091796875 0.61521006640625 0.282634255859375 0.619680970703125 0.283883744140625 0.626363537109375 0.287643162109375 0.6289118125 0.297400001953125 0.63055450390625 0.30424955078125 0.63252768359375 0.312467845703125 0.632926548828125 0.319971892578125 0.63471141796875 0.322586267578125 0.63530989453125 0.32810872265625 0.63722062890625 0.334968322265625 0.63612109375 0.342749931640625 0.63602128125 0.349072478515625 0.6368016953125 0.355090970703125 0.638038943359375 0.3607578125 0.64020623828125 0.366918431640625 0.642147943359375 0.36904358984375 0.64224519140625 0.373863966796875 0.642001658203125 0.37903330078125 0.639163625 0.3831095859375 0.638406490234375 0.385634345703125 0.637096568359375 0.388377880859375 0.636274751953125 0.389216212890625 0.632973037109375 0.39820598828125 0.625290119140625 0.398987375 0.6238543203125 0.395705291015625 0.620792779296875 0.393861482421875 0.617838375 0.3919720234375 0.61535727734375 0.375156673828125 0.611676248046875 0.3722141796875 0.6120069921875 0.3681322421875 0.613227583984375
0 0.218623693359375 0.616782572265625 0.2205985234375 0.615459716796875 0.223843361328125 0.61183268359375 0.225818193359375 0.610509826171875 0.232006005859375 0.60891788671875 0.23630920703125 0.608179623046875 0.23818973828125 0.59928315234375 0.23721234765625 0.5982905703125 0.235127361328125 0.597715822265625 0.22855116796875 0.59739665234375 0.225230021484375 0.59581676171875 0.222394744140625 0.59473204296875 0.21546041015625 0.59943562109375 0.216119173828125 0.606631849609375 0.215944771484375 0.611400208984375 0.2173942734375 0.615767931640625 0.218623693359375 0.616782572265625
0 0.0568511015625 0.629341185546875 0.065821634765625 0.630250115234375 0.067553208984375 0.631752859375 0.068530599609375 0.632745443359375 0.076103228515625 0.633808568359375 0.079604474609375 0.63350101171875 0.084596216796875 0.634216837890625 0.0888097109375 0.634894890625 0.092265130859375 0.635062595703125 0.1082313828125 0.6347312265625 0.114258166015625 0.63691598828125 0.11558896875 0.636980578125 0.124918212890625 0.637433361328125 0.12899060546875 0.6366760390625 0.134429904296875 0.635507572265625 0.13876495703125 0.634762998046875 0.139073443359375 0.634300484375 0.141374408203125 0.629635333984375 0.143143677734375 0.624950275390625 0.145312814453125 0.621713150390625 0.1476982890625 0.613232212890625 0.147918158203125 0.607992501953125 0.146948658203125 0.598425205078125 0.146816337890625 0.594121408203125 0.145981416015625 0.5859754140625 0.145292880859375 0.582552435546875 0.136687712890625 0.587402859375 0.135151751953125 0.586850826171875 0.131594505859375 0.58524572265625 0.12909178515625 0.583691798828125 0.125929025390625 0.580671416015625 0.119343828125 0.580343951171875 0.113505712890625 0.581005751953125 0.110915228515625 0.5804025390625 0.103183896484375 0.57767131640625 0.0983773515625 0.576960548828125 0.095106765625 0.57680181640625 0.083879822265625 0.576730484375 0.081071548828125 0.578486447265625 0.07940484375 0.579350703125 0.07406908984375 0.57861425 0.07020530078125 0.57747175390625 0.065924072265625 0.576786482421875 0.061205291015625 0.575125005859375 0.0579126484375 0.573532740234375 0.054003033203125 0.572865505859375 0.048253728515625 0.572586470703125 0.0456174140625 0.57245851953125 0.04100821484375 0.57365351953125 0.0353029140625 0.57526887890625 0.030032443359375 0.574058109375 0.02792393359375 0.573949880859375 0.018042998046875 0.56861293359375 0.017076236328125 0.567611041015625 0.016808427734375 0.567284453125 0.01872045703125 0.631815439453125 0.019171673828125 0.631837337890625 0.0237732734375 0.63110569921875 0.03013933984375 0.631414669921875 0.035180439453125 0.631659333984375 0.0397908125 0.633775353515625 0.041871908203125 0.6343499140625 0.046447287109375 0.635045529296875 0.049192947265625 0.6342218515625 0.051274318359375 0.6319354375 0.0568511015625 0.629341185546875