0 0.198102072265625 0.383298248046875 0.19667201953125 0.38666353515625 0.197997595703125 0.391207978515625 0.20075296484375 0.392389087890625 0.202796724609375 0.38451457421875 0.198102072265625 0.383298248046875
0 0.243521697265625 0.385254123046875 0.2459704765625 0.388687888671875 0.24790976171875 0.388723107421875 0.250260375 0.378593978515625 0.247504740234375 0.377414826171875 0.24413566796875 0.38074294140625 0.243521697265625 0.385254123046875
0 0.320786220703125 0.38891740234375 0.323234734375 0.392353123046875 0.32517401953125 0.392388341796875 0.329157064453125 0.38454904296875 0.327524896484375 0.382257259765625 0.328138603515625 0.377748033203125 0.32569008984375 0.374312310546875 0.322627603515625 0.37538776953125 0.319460640625 0.3843729609375 0.320786220703125 0.38891740234375
0 0.21900972265625 0.436799134765625 0.225336806640625 0.4403052890625 0.230645431640625 0.43701043359375 0.23156598828125 0.430246595703125 0.22993355859375 0.427956765625 0.2308543828125 0.42119097265625 0.228405869140625 0.41775525 0.224527298828125 0.417684818359375 0.2211579609375 0.421014888671875 0.21900972265625 0.436799134765625
0 0.355588865234375 0.397461033203125 0.366617439453125 0.38070698046875 0.3678448515625 0.37168852734375 0.3653963359375 0.368252806640625 0.355595439453125 0.375986453125 0.3524284765625 0.38497164453125 0.355588865234375 0.397461033203125
0 0 0.40341775390625 0.002227771484375 0.4012159453125 0.002841478515625 0.39670671875 0.000392962890625 0.393270998046875 0 0.393263861328125 0 0.40341775390625
0 0.04897955078125 0.38624168359375 0.043161697265625 0.38613603125 0.04060870703125 0.39061004296875 0.0396878828125 0.3973758359375 0.042136396484375 0.40081155859375 0.044075681640625 0.4008467734375 0.04744501953125 0.397516701171875 0.04897955078125 0.38624168359375
0 0.25768480859375 0.1312061875 0.25431546875 0.134536259765625 0.2540086171875 0.136790873046875 0.255641048828125 0.139080703125 0.255027341796875 0.143589927734375 0.2566595078125 0.145881712890625 0.256862150390625 0.151534875 0.259212765625 0.141405748046875 0.26145890234375 0.1391863515625 0.2623794609375 0.132422513671875 0.25768480859375 0.1312061875
0 0.379265744140625 0.07351032421875 0.376816962890625 0.070076556640625 0.37120148828125 0.075626025390625 0.370280927734375 0.08238986328125 0.372729443359375 0.0858255859375 0.374668728515625 0.085860802734375 0.378344919921875 0.080276119140625 0.379265744140625 0.07351032421875
0 0.403757994140625 0.086389052734375 0.40569727734375 0.08642426953125 0.40937346875 0.080839583984375 0.410601146484375 0.071819177734375 0.407845515625 0.070640025390625 0.40447644140625 0.073968140625 0.403757994140625 0.086389052734375
0 0.5737165625 0.0374833359375 0.567898708984375 0.037377685546875 0.56585494921875 0.045252201171875 0.572893640625 0.05781398046875 0.57881596875 0.0500098984375 0.57942994140625 0.045498716796875 0.576674306640625 0.0443195625 0.5737165625 0.0374833359375
0 0.610765345703125 0.0438075703125 0.61168590234375 0.037043732421875 0.609237388671875 0.03360801171875 0.60341953515625 0.033502359375 0.600050197265625 0.036832431640625 0.594944216796875 0.045780451171875 0.59739273046875 0.049216171875 0.605149869140625 0.0493570390625 0.610765345703125 0.0438075703125
0 0.53003970703125 0.344116525390625 0.526768271484375 0.3610114453125 0.529523904296875 0.362190599609375 0.535446232421875 0.354386517578125 0.53667364453125 0.34536806640625 0.53003970703125 0.344116525390625
0 0.7464297890625 0.3254422734375 0.7409190546875 0.3230800546875 0.735303578125 0.3286295234375 0.734996724609375 0.33088413671875 0.737445240234375 0.334319857421875 0.74714166015625 0.33449594140625 0.748878568359375 0.328876041015625 0.7464297890625 0.3254422734375
0 0.79021724609375 0.325106365234375 0.78164402734375 0.323819603515625 0.7782746875 0.327149677734375 0.7779678359375 0.329404291015625 0.781741927734375 0.337384455078125 0.78562049609375 0.337454888671875 0.7889895703125 0.334126771484375 0.79021724609375 0.325106365234375
0 0.563105443359375 0.358280056640625 0.565044728515625 0.358315271484375 0.57096705859375 0.35051119140625 0.570562302734375 0.339200955078125 0.567806669921875 0.338021802734375 0.56443759765625 0.34134991796875 0.563105443359375 0.358280056640625
0 0.74396110546875 0.722111880859375 0.74559353515625 0.7244017109375 0.7446727109375 0.73116750390625 0.747833099609375 0.74365689453125 0.753448576171875 0.73810742578125 0.75989328125 0.69075469140625 0.757444767578125 0.68731896875 0.751626916015625 0.687213318359375 0.748257576171875 0.690543390625 0.74396110546875 0.722111880859375
0 0.771764236328125 0.589248208984375 0.77451960546875 0.5904293203125 0.778809767578125 0.580333453125 0.77636098828125 0.5768996875 0.772482419921875 0.57682925390625 0.77043866015625 0.584703767578125 0.771764236328125 0.589248208984375
0 0.743516904296875 0.839649123046875 0.74596541796875 0.843084845703125 0.747904703125 0.843120060546875 0.749641611328125 0.83750016015625 0.751887748046875 0.835280763671875 0.754649955078125 0.814985337890625 0.75220117578125 0.8115515703125 0.750261890625 0.81151635546875 0.746892818359375 0.814844470703125 0.743516904296875 0.839649123046875
0 0.9687424609375 0.298961986328125 0.961801408203125 0.299967013671875 0.96291803515625 0.320330916015625 0.9687424609375 0.298961986328125