1 0.71484375 0.3017578125 0.732421875 0.2861328125 0.734375 0.2626953125 0.7431640625 0.25390625 0.7646484375 0.255859375 0.7763671875 0.275390625 0.8203125 0.2548828125 0.822265625 0.2197265625 0.8076171875 0.1875 0.7705078125 0.1796875 0.7470703125 0.20703125 0.6962890625 0.19921875 0.685546875 0.2080078125 0.677734375 0.2412109375 0.6953125 0.2841796875
1 1 0.2470703125 0.9970703125 0.205078125 0.978515625 0.2392578125
1 0.857421875 0.7197265625 0.9638671875 0.71875 0.9990234375 0.705078125 1 0.5986328125 0.9501953125 0.59765625 0.9013671875 0.609375 0.8642578125 0.62890625 0.849609375 0.6494140625 0.841796875 0.6982421875 0.84765625 0.7158203125
1 0.78125 0.6923828125 0.796875 0.6748046875 0.7978515625 0.62109375 0.7685546875 0.625 0.76171875 0.6474609375 0.7734375 0.6904296875
1 0.498046875 0.7158203125 0.51171875 0.7080078125 0.5205078125 0.689453125 0.5712890625 0.705078125 0.6650390625 0.70703125 0.6923828125 0.701171875 0.724609375 0.6806640625 0.734375 0.6435546875 0.7138671875 0.623046875 0.6708984375 0.626953125 0.6572265625 0.611328125 0.6376953125 0.60546875 0.6044921875 0.619140625 0.5869140625 0.611328125 0.4853515625 0.615234375 0.4658203125 0.603515625 0.4482421875 0.60546875 0.41015625 0.6474609375 0.412109375 0.6650390625 0.44140625 0.6845703125 0.4443359375 0.69921875
0 0.7646484375 0.239583984375 0.7763671875 0.239583984375 0.7822265625 0.232638671875 0.7861328125 0.236111328125 0.7900390625 0.232638671875 0.7958984375 0.236111328125 0.7978515625 0.232638671875 0.8076171875 0.229166015625 0.80859375 0.223958984375 0.7978515625 0.21875 0.796875 0.217013671875 0.798828125 0.213541015625 0.7958984375 0.2118046875 0.7919921875 0.21875 0.7861328125 0.21875 0.7841796875 0.22222265625 0.7490234375 0.22222265625 0.7470703125 0.2256953125 0.7373046875 0.2256953125 0.7353515625 0.229166015625 0.7275390625 0.22222265625 0.7236328125 0.22222265625 0.7216796875 0.2256953125 0.7021484375 0.2256953125 0.7001953125 0.22222265625 0.6923828125 0.22222265625 0.689453125 0.2274296875 0.69140625 0.23784765625 0.6943359375 0.2430546875 0.6982421875 0.24652734375 0.703125 0.244791015625 0.7197265625 0.2430546875 0.7216796875 0.239583984375 0.7275390625 0.239583984375 0.7333984375 0.232638671875 0.7373046875 0.236111328125 0.7529296875 0.236111328125 0.7568359375 0.232638671875
0 0.5888671875 0.677083984375 0.5927734375 0.6805546875 0.595703125 0.6788203125 0.599609375 0.671875 0.599609375 0.6649296875 0.5966796875 0.65972265625 0.5927734375 0.65972265625 0.5908203125 0.65625 0.58203125 0.657986328125 0.58203125 0.6649296875
0 0.498046875 0.685763671875 0.50390625 0.6788203125 0.50390625 0.671875 0.4951171875 0.6631953125 0.4912109375 0.6631953125 0.48828125 0.66840234375 0.48828125 0.67534765625 0.4951171875 0.6875
0 0.4501953125 0.673611328125 0.4521484375 0.6805546875 0.4580078125 0.6805546875 0.4599609375 0.68402734375 0.46875 0.682291015625 0.470703125 0.6788203125 0.470703125 0.6649296875 0.4619140625 0.65625 0.4560546875 0.65625 0.4453125 0.6649296875 0.4453125 0.66840234375 0.4482421875 0.673611328125
0 0.53515625 0.66840234375 0.5361328125 0.670138671875 0.5400390625 0.673611328125 0.5458984375 0.673611328125 0.5517578125 0.6805546875 0.55859375 0.6788203125 0.564453125 0.67534765625 0.564453125 0.661458984375 0.5615234375 0.65625 0.5576171875 0.65277734375 0.5419921875 0.65277734375 0.537109375 0.657986328125 0.537109375 0.6649296875
0 0.51603125 0.657294921875 0.514708984375 0.65776953125 0.513123046875 0.6606171875 0.51445703125 0.666779296875 0.511548828125 0.666779296875 0.5099609375 0.666779296875 0.508109375 0.66725390625 0.50758203125 0.66915234375 0.50784765625 0.679294921875 0.5086484375 0.681193359375 0.510783203125 0.682142578125 0.51425390625 0.679791015625 0.519591796875 0.6765 0.52423046875 0.6648125 0.5234375 0.658701171875 0.522115234375 0.6568203125 0.52052734375 0.6568203125 0.5181484375 0.657294921875 0.517353515625 0.657294921875
0 0.624345703125 0.684759765625 0.629140625 0.685234375 0.6312734375 0.685240234375 0.637609375 0.683607421875 0.64347265625 0.6817265625 0.6496015625 0.680787109375 0.6559921875 0.68031640625 0.663759765625 0.680791015625 0.670513671875 0.68221484375 0.676208984375 0.68058203125 0.678876953125 0.68011328125 0.686541015625 0.678701171875 0.694791015625 0.678701171875 0.701818359375 0.6770703125 0.711720703125 0.675908203125 0.715712890625 0.673556640625 0.717578125 0.666974609375 0.722373046875 0.6627421875 0.725578125 0.654748046875 0.723203125 0.649107421875 0.72055859375 0.64628515625 0.7151796875 0.645814453125 0.7113671875 0.645814453125 0.701822265625 0.649658203125 0.68959375 0.653423828125 0.677046875 0.655947265625 0.66867578125 0.656896484375 0.663431640625 0.657845703125 0.6444296875 0.657845703125 0.63865625 0.657845703125 0.632728515625 0.656435546875 0.62876171875 0.655025390625 0.6258515625 0.6545546875 0.60870703125 0.65740234375 0.60658984375 0.65977734375 0.604474609375 0.662625 0.600912109375 0.665509765625 0.601560546875 0.666974609375 0.6098359375 0.675044921875 0.610369140625 0.6783671875 0.61303515625 0.67931640625 0.6154375 0.680740234375 0.61944140625 0.681689453125
0 0.775205078125 0.660599609375 0.777056640625 0.662009765625 0.77996484375 0.665771484375 0.78181640625 0.667181640625 0.783138671875 0.666232421875 0.784990234375 0.6619609375 0.785255859375 0.657212890625 0.786578125 0.650091796875 0.78008203125 0.64508203125 0.7771484375 0.6460234375 0.77368359375 0.64743359375 0.76708203125 0.64743359375 0.7649453125 0.647904296875 0.763876953125 0.64884375 0.764935546875 0.65777734375 0.76916796875 0.65871875
0 0.859966796875 0.68890625 0.86423046875 0.68985546875 0.86955859375 0.691279296875 0.87355859375 0.692228515625 0.882923828125 0.692228515625 0.884259765625 0.692228515625 0.890484375 0.69034765625 0.90641015625 0.691447265625 0.90987890625 0.691447265625 0.91415234375 0.6909765625 0.91920703125 0.690505859375 0.922677734375 0.69098046875 0.93034375 0.6902890625 0.931412109375 0.689349609375 0.93328125 0.687939453125 0.942330078125 0.68746875 0.9476640625 0.69031640625 0.949533203125 0.692689453125 0.952201171875 0.693640625 0.956837890625 0.693169921875 0.958970703125 0.69269921875 0.9637734375 0.690818359375 0.968833984375 0.690818359375 0.975224609375 0.690818359375 0.979755859375 0.691767578125 0.98375390625 0.691767578125 0.99670703125 0.6881015625 0.99937890625 0.685279296875 1 0.633640625 0.9954453125 0.62752734375 0.99438671875 0.626587890625 0.99094921875 0.62470703125 0.987775390625 0.628029296875 0.986716796875 0.628978515625 0.976349609375 0.633806640625 0.974232421875 0.6338125 0.968853515625 0.63476171875 0.96330078125 0.632880859375 0.9588046875 0.631470703125 0.956158203125 0.631470703125 0.95038671875 0.631470703125 0.94641796875 0.6319453125 0.94298046875 0.633369140625 0.938111328125 0.63479296875 0.93376953125 0.635267578125 0.929802734375 0.636216796875 0.92440234375 0.63669140625 0.92281640625 0.635751953125 0.920171875 0.63387109375 0.9089453125 0.633400390625 0.905662109375 0.633400390625 0.90079296875 0.633875 0.892814453125 0.636216796875 0.890169921875 0.63669140625 0.884396484375 0.635751953125 0.87778515625 0.635759765625 0.874345703125 0.638609375 0.871701171875 0.640033203125 0.867998046875 0.64145703125 0.866412109375 0.641931640625 0.858259765625 0.6366953125 0.857255859375 0.640064453125 0.855669921875 0.64812109375 0.855140625 0.652392578125 0.8532890625 0.66185546875 0.853025390625 0.66707421875 0.854626953125 0.675619140625 0.85649609375 0.67894140625 0.85783203125 0.68368359375 0.859701171875 0.688431640625