0 0.2216796875 0.423423828125 0.22265625 0.415541015625 0.2177734375 0.4144140625 0.216796875 0.41779296875 0.21875 0.422296875 0.2216796875 0.423423828125
0 0.263671875 0.415541015625 0.2666015625 0.41891796875 0.2685546875 0.41891796875 0.26953125 0.408783203125 0.2666015625 0.407658203125 0.263671875 0.41103515625 0.263671875 0.415541015625
0 0.3447265625 0.40315234375 0.341796875 0.404279296875 0.33984375 0.4132890625 0.341796875 0.41779296875 0.3447265625 0.421171875 0.3466796875 0.421171875 0.349609375 0.4132890625 0.34765625 0.41103515625 0.34765625 0.40653125 0.3447265625 0.40315234375
0 0.2529296875 0.448197265625 0.2490234375 0.448197265625 0.24609375 0.451576171875 0.24609375 0.467341796875 0.2529296875 0.470720703125 0.2578125 0.467341796875 0.2578125 0.4605859375 0.255859375 0.458333984375 0.255859375 0.451576171875 0.2529296875 0.448197265625
0 0.3779296875 0.42567578125 0.38671875 0.408783203125 0.38671875 0.399775390625 0.3837890625 0.396396484375 0.375 0.404279296875 0.373046875 0.4132890625 0.3779296875 0.42567578125
0 0.015625 0.431306640625 0.0166015625 0.439189453125 0.0205078125 0.439189453125 0.0234375 0.435810546875 0.0234375 0.431306640625 0.0205078125 0.427927734375 0.0185546875 0.427927734375 0.015625 0.431306640625
0 0.060546875 0.424548828125 0.060546875 0.431306640625 0.0634765625 0.434685546875 0.0654296875 0.434685546875 0.068359375 0.431306640625 0.068359375 0.420044921875 0.0625 0.420044921875 0.060546875 0.424548828125
0 0.248046875 0.170044921875 0.248046875 0.1632890625 0.2431640625 0.162162109375 0.240234375 0.165541015625 0.240234375 0.16779296875 0.2421875 0.170044921875 0.2421875 0.174548828125 0.244140625 0.176802734375 0.2451171875 0.182431640625 0.24609375 0.172296875 0.248046875 0.170044921875
0 0.349609375 0.10473046875 0.349609375 0.111486328125 0.3525390625 0.114865234375 0.3544921875 0.114865234375 0.357421875 0.109234375 0.357421875 0.1024765625 0.3544921875 0.099099609375 0.349609375 0.10473046875
0 0.3837890625 0.114865234375 0.3857421875 0.114865234375 0.388671875 0.109234375 0.388671875 0.100224609375 0.3857421875 0.099099609375 0.3828125 0.1024765625 0.3837890625 0.114865234375
0 0.541015625 0.0709453125 0.5498046875 0.083333984375 0.5546875 0.075451171875 0.5546875 0.0709453125 0.5517578125 0.0698203125 0.5478515625 0.0630625 0.5419921875 0.0630625 0.541015625 0.0709453125
0 0.57421875 0.0619375 0.5703125 0.0709453125 0.5732421875 0.07432421875 0.5810546875 0.07432421875 0.5859375 0.068693359375 0.5859375 0.0619375 0.5830078125 0.05855859375 0.5771484375 0.05855859375 0.57421875 0.0619375
0 0.552734375 0.37950390625 0.552734375 0.37049609375 0.5458984375 0.369369140625 0.544921875 0.38626171875 0.5478515625 0.38738671875 0.552734375 0.37950390625
0 0.75 0.350224609375 0.75 0.3524765625 0.7529296875 0.35585546875 0.7626953125 0.35585546875 0.763671875 0.350224609375 0.7607421875 0.34684765625 0.7548828125 0.34459375 0.75 0.350224609375
0 0.79296875 0.34797265625 0.79296875 0.350224609375 0.7978515625 0.358107421875 0.8017578125 0.358107421875 0.8046875 0.35473046875 0.8046875 0.345720703125 0.7958984375 0.34459375 0.79296875 0.34797265625
0 0.5810546875 0.3828828125 0.5830078125 0.3828828125 0.587890625 0.375 0.5859375 0.36373828125 0.5830078125 0.36261328125 0.580078125 0.365990234375 0.5810546875 0.3828828125
0 0.8212890625 0.70720703125 0.8154296875 0.70720703125 0.8125 0.7105859375 0.8125 0.7421171875 0.814453125 0.744369140625 0.814453125 0.751126953125 0.8193359375 0.763513671875 0.82421875 0.7578828125 0.82421875 0.7105859375 0.8212890625 0.70720703125
0 0.822265625 0.609234375 0.8251953125 0.610361328125 0.828125 0.600224609375 0.8251953125 0.59684765625 0.8212890625 0.59684765625 0.8203125 0.60473046875 0.822265625 0.609234375
0 0.8330078125 0.83108203125 0.8310546875 0.83108203125 0.828125 0.834458984375 0.828125 0.859234375 0.8310546875 0.86261328125 0.8330078125 0.86261328125 0.833984375 0.856982421875 0.8359375 0.85473046875 0.8359375 0.834458984375 0.8330078125 0.83108203125
0 0.98046875 0.31644140625 0.9736328125 0.317568359375 0.9775390625 0.337837890625 0.98046875 0.31644140625