1 0.388671875 0.6552734375 0.384765625 0.6025390625 0.3701171875 0.59765625 0.35546875 0.6513671875
1 0.11328125 0.5986328125 0.12890625 0.5908203125 0.1162109375 0.5625 0.0703125 0.5771484375 0.0791015625 0.595703125
1 0.478515625 0.6181640625 0.490234375 0.5986328125 0.4853515625 0.576171875 0.4716796875 0.5703125 0.431640625 0.5751953125 0.4248046875 0.60546875 0.4462890625 0.6171875 0.4599609375 0.607421875
1 0.58984375 0.6201171875 0.625 0.6142578125 0.634765625 0.5849609375 0.6279296875 0.568359375 0.5986328125 0.578125 0.5888671875 0.56640625 0.5703125 0.5732421875 0.5625 0.6044921875 0.5751953125 0.62109375
1 0.66015625 0.7060546875 0.671875 0.6923828125 0.671875 0.6591796875 0.65625 0.6279296875 0.6416015625 0.623046875 0.619140625 0.6552734375 0.623046875 0.6845703125 0.6376953125 0.69921875
0 0.6474609375 0.65277734375 0.64453125 0.661458984375 0.64453125 0.6788203125 0.6474609375 0.68402734375 0.65234375 0.682291015625 0.65234375 0.654513671875
0 0.1069765625 0.5753515625 0.090625 0.579802734375 0.07993359375 0.578091796875 0.0703125 0.578125 0.0703125 0.58159765625 0.077255859375 0.586595703125 0.08509765625 0.58725390625 0.0911796875 0.585625 0.10051171875 0.58221484375 0.111568359375 0.585052734375 0.116712890625 0.586576171875 0.1216796875 0.584708984375 0.1259765625 0.579861328125 0.123046875 0.57465234375 0.118986328125 0.5785546875 0.113935546875 0.5769921875
0 0.25564453125 0.585466796875 0.259021484375 0.590130859375 0.26473046875 0.58982421875 0.273205078125 0.5906328125 0.276654296875 0.58703515625 0.278630859375 0.58281640625 0.270150390625 0.579517578125 0.26351953125 0.578541015625 0.25758203125 0.5775390625 0.251953125 0.578125 0.253060546875 0.585845703125
0 0.28424609375 0.583564453125 0.28424609375 0.590509765625 0.287486328125 0.5942421875 0.292181640625 0.590427734375 0.29398828125 0.5916328125 0.296974609375 0.590369140625 0.301111328125 0.590912109375 0.305931640625 0.590845703125 0.308841796875 0.59183984375 0.310072265625 0.586873046875 0.31256640625 0.581828125 0.30800390625 0.578361328125 0.30047265625 0.578814453125 0.29108203125 0.578357421875 0.28717578125 0.578357421875
0 0.469439453125 0.587189453125 0.46535546875 0.587384765625 0.46262890625 0.5855625 0.456580078125 0.584884765625 0.44809765625 0.58416015625 0.44373828125 0.58501171875 0.43673046875 0.583849609375 0.42998828125 0.58366796875 0.43051953125 0.589408203125 0.432796875 0.59288671875 0.436169921875 0.592400390625 0.44043359375 0.59258984375 0.445634765625 0.59349609375 0.4501953125 0.59375 0.45718359375 0.594283203125 0.46015625 0.593232421875 0.4638671875 0.59375 0.469126953125 0.5931640625 0.4768984375 0.595392578125 0.47857421875 0.592359375 0.47830859375 0.588087890625 0.475544921875 0.588 0.47275390625 0.58755078125
0 0.5766875 0.583333984375 0.576185546875 0.585314453125 0.5755859375 0.585828125 0.576654296875 0.589224609375 0.578068359375 0.589908203125 0.57894921875 0.5908828125 0.59026171875 0.5944296875 0.596984375 0.5952578125 0.596654296875 0.589552734375 0.59231640625 0.58893359375 0.587576171875 0.588185546875 0.58541796875 0.58571875 0.5815859375 0.58446875 0.580560546875 0.58423828125
0 0.614771484375 0.59444140625 0.6201171875 0.59375 0.62230078125 0.59391015625 0.623912109375 0.59394921875 0.62453515625 0.59271484375 0.62519921875 0.58933984375 0.61833203125 0.58980078125 0.612416015625 0.58973046875 0.603107421875 0.590515625 0.603111328125 0.596251953125 0.607705078125 0.59534765625 0.6111015625 0.594
1 0.3046875 0.6005859375 0.3203125 0.5888671875 0.3056640625 0.572265625 0.2841796875 0.583984375 0.2705078125 0.572265625 0.25 0.5791015625 0.2666015625 0.6015625 0.2822265625 0.59375