1 0.79296875 0.7314453125 0.796875 0.7197265625 0.78125 0.6962890625 0.783203125 0.6884765625 0.767578125 0.6826171875 0.78125 0.6787109375 0.7734375 0.6748046875 0.78125 0.6728515625 0.779296875 0.6416015625 0.759765625 0.6044921875 0.7822265625 0.591796875 0.798828125 0.5654296875 0.779296875 0.5595703125 0.779296875 0.5341796875 0.765625 0.4951171875 0.767578125 0.4716796875 0.8544921875 0.466796875 0.8857421875 0.455078125 0.9990234375 0.44140625 0.9990234375 0.271484375 0.9287109375 0.283203125 0.8798828125 0.302734375 0.8486328125 0.302734375 0.7998046875 0.330078125 0.796875 0.3427734375 0.7783203125 0.359375 0.7197265625 0.376953125 0.7158203125 0.388671875 0.6708984375 0.390625 0.658203125 0.3720703125 0.640625 0.2314453125 0.626953125 0.2099609375 0.625 0.1884765625 0.630859375 0.1845703125 0.6201171875 0.181640625 0.5458984375 0.208984375 0.5166015625 0.2109375 0.5 0.1865234375 0.498046875 0.1591796875 0.470703125 0.1396484375 0.4375 0.0791015625 0.3759765625 0.03515625 0.3505859375 0.00390625 0.3349609375 0 0.1904296875 0.001953125 0.080078125 0.0595703125 0.1015625 0.0634765625 0.080078125 0.0751953125 0.0947265625 0.078125 0.08984375 0.0927734375 0.1025390625 0.09765625 0.0791015625 0.10546875 0.0732421875 0.08984375 0.07421875 0.1123046875 0.0498046875 0.130859375 0.0302734375 0.138671875 0 0.1337890625 0 0.1904296875 0.005859375 0.1982421875 0.0263671875 0.21875 0.0458984375 0.220703125 0.0966796875 0.26171875 0.1328125 0.3095703125 0.2041015625 0.375 0.3115234375 0.451171875 0.384765625 0.5380859375 0.4013671875 0.572265625 0.4365234375 0.578125 0.4521484375 0.564453125 0.4775390625 0.564453125 0.5478515625 0.576171875 0.6025390625 0.572265625 0.6240234375 0.578125 0.640625 0.5966796875 0.658203125 0.6396484375 0.6767578125 0.650390625 0.6904296875 0.671875 0.7314453125 0.689453125 0.7685546875 0.724609375
0 0.265625 0.2568359375 0.2529296875 0.236328125 0.23046875 0.2353515625 0.23046875 0.2490234375 0.2412109375 0.26171875
0 0.265625 0.3642578125 0.2041015625 0.314453125 0.1923828125 0.296875 0.2705078125 0.291015625 0.3388671875 0.3671875 0.3544921875 0.37109375 0.36328125 0.3642578125 0.3505859375 0.341796875 0.287109375 0.2900390625 0.30078125 0.2802734375 0.2978515625 0.271484375 0.1728515625 0.28125 0.0556640625 0.16796875 0.0419921875 0.16015625 0.029296875 0.1650390625 0.029296875 0.1748046875 0.13671875 0.2763671875 0.134765625 0.2900390625 0.1416015625 0.296875 0.1630859375 0.30078125 0.2568359375 0.390625 0.27734375 0.3857421875
0 0.3662109375 0.392578125 0.392578125 0.3779296875 0.2548828125 0.40234375 0.2587890625 0.408203125 0.2841796875 0.408203125
0 0.2802734375 0.408203125 0.28125 0.4169921875 0.3818359375 0.509765625 0.4033203125 0.525390625 0.4140625 0.5224609375 0.384765625 0.4736328125 0.3544921875 0.443359375 0.2978515625 0.40625
0 0.3896484375 0.392578125 0.3720703125 0.392578125 0.37109375 0.3994140625 0.4267578125 0.45703125 0.4384765625 0.45703125 0.44140625 0.4736328125 0.4814453125 0.509765625 0.484375 0.4951171875 0.427734375 0.4267578125
0 0.2587890625 0.091796875 0.2431640625 0.095703125 0.23828125 0.1005859375 0.251953125 0.1240234375 0.27734375 0.1474609375 0.333984375 0.2294921875 0.3603515625 0.232421875 0.365234375 0.2216796875 0.287109375 0.1162109375
0 0.4423828125 0.224609375 0.4580078125 0.21875 0.4609375 0.2021484375 0.4375 0.1533203125 0.4033203125 0.15234375 0.431640625 0.2158203125
0 0.525390625 0.2763671875 0.4892578125 0.23828125 0.4580078125 0.23828125 0.45703125 0.2509765625 0.513671875 0.3330078125 0.53125 0.3466796875 0.572265625 0.4130859375 0.63671875 0.4990234375 0.6552734375 0.501953125 0.650390625 0.4755859375
0 0.4228515625 0.34375 0.45703125 0.3427734375 0.453125 0.3291015625 0.3857421875 0.251953125 0.3623046875 0.25390625 0.36328125 0.2666015625
0 0.4501953125 0.361328125 0.44921875 0.3759765625 0.541015625 0.4873046875 0.5576171875 0.50390625 0.5751953125 0.505859375 0.56640625 0.4814453125 0.484375 0.3740234375 0.4697265625 0.359375
0 0.8115234375 0.412109375 0.8837890625 0.400390625 0.92578125 0.3798828125 0.8955078125 0.37890625 0.6533203125 0.423828125 0.6513671875 0.435546875
0 0.888671875 0.2958984375 0.8896484375 0.306640625 0.962890625 0.3583984375 0.919921875 0.3994140625 0.9228515625 0.408203125 0.96484375 0.3701171875 0.970703125 0.3525390625 0.9228515625 0.3125
0 0.9931640625 0.330078125 0.9091796875 0.2890625 1 0.3447265625
0 0.76953125 0.6650390625 0.763671875 0.6748046875 0.7822265625 0.6953125 0.78515625 0.6748046875
0 0.431640625 0.1865234375 0.4375 0.1787109375 0.4287109375 0.16796875 0.43359375 0.1630859375 0.4228515625 0.154296875 0.4091796875 0.15625 0.404296875 0.1611328125 0.427734375 0.2080078125 0.4404296875 0.22265625 0.4482421875 0.220703125 0.4375 0.2138671875 0.443359375 0.2060546875 0.439453125 0.1865234375
0 0.6767578125 0.513671875 0.662109375 0.5185546875 0.66015625 0.5322265625 0.69140625 0.5673828125 0.75 0.6591796875 0.7685546875 0.6640625 0.76953125 0.6494140625 0.740234375 0.6142578125 0.69140625 0.5263671875
0 0.4580078125 0.240234375 0.45703125 0.2529296875 0.62890625 0.4912109375 0.6396484375 0.501953125 0.6591796875 0.501953125 0.650390625 0.4716796875 0.521484375 0.2705078125 0.4873046875 0.236328125
0 0.5556640625 0.513671875 0.5595703125 0.521484375 0.6533203125 0.517578125 0.68359375 0.5029296875
0 0.5048828125 0.52734375 0.513671875 0.5185546875 0.4013671875 0.533203125 0.4033203125 0.5390625 0.4248046875 0.5390625
0 0.53125 0.3466796875 0.5009765625 0.341796875 0.4208984375 0.3515625 0.4267578125 0.361328125 0.4501953125 0.36328125
0 0.56640625 0.3134765625 0.5693359375 0.341796875 0.583984375 0.3115234375 0.5830078125 0.291015625
0 0.4541015625 0.326171875 0.4638671875 0.333984375 0.505859375 0.3212890625 0.4814453125 0.318359375
0 0.3603515625 0.341796875 0.3603515625 0.349609375 0.3759765625 0.349609375 0.4140625 0.3349609375
0 0.3203125 0.3544921875 0.2724609375 0.361328125 0.2822265625 0.37109375
0 0.1337890625 0.125 0.13671875 0.1162109375 0.017578125 0.1455078125 0.013671875 0.1552734375 0.0224609375 0.16015625
0 0.2080078125 0.080078125 0.2138671875 0.08984375 0.2294921875 0.08984375 0.3720703125 0.056640625 0.3916015625 0.046875 0.3984375 0.0322265625 0.3837890625 0.029296875 0.3310546875 0.05078125
0 0.8388671875 0.765625 0.8466796875 0.767578125 0.84765625 0.7529296875 0.841796875 0.7470703125 0.8408203125 0.744140625 0.8369140625 0.744140625 0.828125 0.7392578125 0.8212890625 0.724609375 0.8154296875 0.724609375 0.806640625 0.7333984375 0.806640625 0.7353515625 0.810546875 0.7431640625 0.818359375 0.7529296875 0.818359375 0.7548828125 0.8271484375 0.763671875 0.8369140625 0.763671875
0 0.8017578125 0.796875 0.8056640625 0.796875 0.810546875 0.7900390625 0.8046875 0.7783203125 0.7861328125 0.7578125 0.783203125 0.7607421875 0.783203125 0.7724609375 0.78515625 0.7744140625 0.78515625 0.7783203125 0.79296875 0.7861328125 0.79296875 0.7880859375 0.80078125 0.7939453125
0 0.8623046875 0.798828125 0.8642578125 0.796875 0.8662109375 0.796875 0.8671875 0.7998046875 0.8701171875 0.80078125 0.87109375 0.7978515625 0.8662109375 0.7890625 0.8603515625 0.7890625 0.8544921875 0.79296875 0.8486328125 0.79296875 0.8466796875 0.794921875 0.8310546875 0.794921875 0.8291015625 0.796875 0.8056640625 0.796875 0.8037109375 0.798828125 0.7958984375 0.80078125 0.7958984375 0.8046875 0.8193359375 0.8046875 0.8212890625 0.802734375 0.8466796875 0.802734375 0.8486328125 0.80078125 0.8544921875 0.80078125 0.8564453125 0.798828125
0 0.887541015625 0.753404296875 0.889708984375 0.757283203125 0.914310546875 0.7550390625 0.999564453125 0.755275390625 0.997943359375 0.75083984375 0.8923671875 0.750505859375
0 0.932529296875 0.7862734375 0.93337109375 0.79241796875 0.937697265625 0.791365234375 0.93887109375 0.784796875 0.93797265625 0.77090234375 0.93325390625 0.771091796875 0.9321953125 0.7763828125 0.9322890625 0.780392578125 0.925857421875 0.781771484375 0.91278515625 0.782267578125 0.91203515625 0.78552734375 0.9253046875 0.78610546875
0 0.999001953125 0.7683359375 0.97466015625 0.7707421875 0.974015625 0.77175 0.9626875 0.774462890625 0.956734375 0.77862890625 0.94705078125 0.7774921875 0.948025390625 0.7828203125 0.976271484375 0.78126953125 0.989017578125 0.781388671875 1 0.780537109375