1 0.26405465625 0.25064690625 0.265076931640625 0.274069181640625 0.28202569921875 0.289485908203125 0.302243744140625 0.271663623046875 0.321517 0.228465224609375 0.315025927734375 0.1953450859375 0.30463821484375 0.186683578125 0.253574462890625 0.19511707421875 0.2312343828125 0.1680486484375 0.19383512109375 0.17631571875 0.177916126953125 0.208732349609375 0.178473505859375 0.243877650390625 0.22158151171875 0.263858009765625 0.234068759765625 0.244176986328125 0.255619013671875 0.241961625 0.26405465625 0.25064690625
1 0 0.237950349609375 0.0209756953125 0.230172708984375 0.00378698046875 0.196206416015625 0 0.230864025390625 0 0.237950349609375
1 0 0.7033063828125 0.01659416796875 0.709661505859375 0.122943244140625 0.709342697265625 0.132858560546875 0.7053161484375 0.1394121171875 0.687660287109375 0.133540908203125 0.63890944921875 0.119713953125 0.61857246484375 0.083399453125 0.599485810546875 0.03506259765625 0.588357158203125 0 0.589471453125 0 0.7033063828125
1 0.2080445 0.67901281640625 0.22146154296875 0.635885744140625 0.2155203515625 0.61349982421875 0.186394265625 0.609948771484375 0.185239521484375 0.663667416015625 0.200158736328125 0.68106175390625 0.2080445 0.67901281640625
1 0.270255796875 0.610880291015625 0.248945490234375 0.631645220703125 0.2572336640625 0.668649259765625 0.28862925 0.68877226953125 0.315725783203125 0.69430093359375 0.409502626953125 0.691205904296875 0.4608763125 0.67495705859375 0.468924541015625 0.693411529296875 0.482279099609375 0.701060455078125 0.53661962890625 0.68379902734375 0.54012885546875 0.669109583984375 0.570184736328125 0.649214587890625 0.57283415234375 0.631606275390625 0.53643466796875 0.590062376953125 0.518943521484375 0.588322513671875 0.498957923828125 0.600283287109375 0.39760524609375 0.597611904296875 0.379726685546875 0.6056412265625 0.347083875 0.59236853515625 0.327330724609375 0.598467796875 0.31304637109375 0.614264921875 0.270255796875 0.610880291015625
0 0.30762976171875 0.209648328125 0.29982148046875 0.20974342578125 0.297731646484375 0.213241125 0.2782109453125 0.213478873046875 0.276396640625 0.2100287265625 0.272492501953125 0.210076275390625 0.26440876953125 0.217117267578125 0.26259438671875 0.213669072265625 0.25283403515625 0.2137879453125 0.25101973046875 0.210337796875 0.215882470703125 0.210765744140625 0.2140681640625 0.207315595703125 0.208211955078125 0.207386919921875 0.204583341796875 0.200486625 0.201586357421875 0.202259248046875 0.203400662109375 0.205709396484375 0.202355744140625 0.20745824609375 0.1914127109375 0.212799890625 0.192182177734375 0.217996935546875 0.201804763671875 0.221351984375 0.203619068359375 0.224802130859375 0.209613044921875 0.221256884765625 0.213379419921875 0.2246832578125 0.21742132421875 0.22116178515625 0.223002005859375 0.228038306640625 0.23471442578125 0.227895658203125 0.242798234375 0.2208527109375 0.246564611328125 0.224279083984375 0.262181169921875 0.22408888671875 0.26622307421875 0.2205674140625 0.271803755859375 0.227443935546875 0.27765996484375 0.227372611328125 0.279474349609375 0.230820806640625 0.295998060546875 0.232355681640625 0.300809353515625 0.23403320703125 0.304851259765625 0.230511732421875 0.30798593359375 0.225267140625 0.310351298828125 0.21482159765625 0.30762976171875 0.209648328125
0 0.391919 0.64259771484375 0.389829166015625 0.6460954140625 0.385925025390625 0.646142962890625 0.3827903515625 0.6513875546875 0.382514822265625 0.658335400390625 0.386143431640625 0.66523569921875 0.389002732421875 0.66693504296875 0.393044560546875 0.6634155234375 0.40035898046875 0.65117358203125 0.400634431640625 0.644227689453125 0.391919 0.64259771484375
0 0.48729490234375 0.648380595703125 0.47816625390625 0.657170435546875 0.477890724609375 0.66411828125 0.483471482421875 0.670992849609375 0.486330705078125 0.6726941484375 0.493645048828125 0.66045416015625 0.493920580078125 0.6535063125 0.49119904296875 0.648333044921875 0.48729490234375 0.648380595703125
0 0.5337313671875 0.658229814453125 0.536866119140625 0.652983267578125 0.5370038828125 0.64950934375 0.526611833984375 0.640957251953125 0.520755623046875 0.641028578125 0.51162697265625 0.64981841796875 0.511075916015625 0.663714109375 0.512890298828125 0.667162302734375 0.52160573046875 0.668792279296875 0.52369556640625 0.665294580078125 0.529551775390625 0.665223255859375 0.531779296875 0.65825358984375 0.5337313671875 0.658229814453125
0 0.447070896484375 0.65407691015625 0.445256591796875 0.65062676171875 0.44553204296875 0.6436808671875 0.440858515625 0.638529421875 0.425241955078125 0.638719619140625 0.42120005078125 0.64224109375 0.418065298828125 0.647487638671875 0.417514318359375 0.66138137890625 0.423232763671875 0.6647839765625 0.429996203125 0.6664357734375 0.436127865234375 0.6594185546875 0.44198407421875 0.65934723046875 0.44602598046875 0.6558257578125 0.447070896484375 0.65407691015625
0 0.47414872265625 0.652598818359375 0.47231698828125 0.65214657421875 0.47072995703125 0.652165904296875 0.46782332421875 0.6522013046875 0.469401046875 0.646020708984375 0.4679289375 0.6431913203125 0.466626212890625 0.6427326328125 0.465304662109375 0.6427487265625 0.464510169921875 0.642758404296875 0.462151375 0.642312578125 0.46056434375 0.64233191015625 0.459168173828125 0.64422955078125 0.45813319140625 0.650352759765625 0.462305701171875 0.661988056640625 0.4675101484375 0.665215296875 0.4708856875 0.667525470703125 0.47305695703125 0.66654991796875 0.473932619140625 0.66464104296875 0.47460046875 0.654491529296875 0.47414872265625 0.652598818359375
0 0.350026072265625 0.643293466796875 0.344045595703125 0.64477629296875 0.338275279296875 0.644846572265625 0.319283587890625 0.645077876953125 0.3140799375 0.644192146484375 0.305751021484375 0.64334448046875 0.29331103125 0.640972853515625 0.281238505859375 0.63735470703125 0.2718512265625 0.633625744140625 0.26804078515625 0.63367215234375 0.26264611328125 0.634208501953125 0.259891046875 0.637063990234375 0.25729355859375 0.64273558203125 0.260179767578125 0.650693625 0.2648041953125 0.65486922265625 0.2664073046875 0.661430951171875 0.270304046875 0.6637347734375 0.280154939453125 0.66477676953125 0.2871137890625 0.666322681640625 0.295359333984375 0.6662222578125 0.302963236328125 0.66754158984375 0.30561116796875 0.66797803515625 0.31123862890625 0.66954211328125 0.31804537109375 0.6680355546875 0.32582758203125 0.66746621875 0.33219608203125 0.667859302734375 0.338284408203125 0.6687244921875 0.34406990625 0.67053466796875 0.350337646484375 0.67209094921875 0.3524695390625 0.672059125 0.35728069921875 0.6715259765625 0.362304150390625 0.66839484375 0.36634355078125 0.667396541015625 0.36880108203125 0.665942951171875 0.371503314453125 0.66496093359375 0.37216802734375 0.66163096484375 0.380759107421875 0.653456974609375 0.38146530859375 0.651983703125 0.378019173828125 0.64914125 0.37601805078125 0.6463183046875 0.373996228515625 0.643968208984375 0.35697392578125 0.6413282109375 0.35404666796875 0.641834509765625 0.350026072265625 0.643293466796875
0 0.200592396484375 0.655858283203125 0.202498904296875 0.65442507421875 0.205554767578125 0.65062658203125 0.207461271484375 0.649193373046875 0.213569736328125 0.64723833984375 0.21783721875 0.6462450703125 0.2192496484375 0.63729533203125 0.218219134765625 0.636368541015625 0.216102244140625 0.635923673828125 0.209504248046875 0.636004033203125 0.206097216796875 0.634635541015625 0.2032025546875 0.633729501953125 0.1965112265625 0.63882016796875 0.197550275390625 0.645927763671875 0.197627396484375 0.65067430859375 0.199308501953125 0.654924814453125 0.200592396484375 0.655858283203125
0 0 0.682884384765625 0.00178450390625 0.682862650390625 0.006350962890625 0.681857927734375 0.01273813671875 0.68178013671875 0.01779594921875 0.68171853515625 0.022521474609375 0.683541619140625 0.024634462890625 0.68398653125 0.029250001953125 0.68440096484375 0.031954265625 0.683416970703125 0.033916537109375 0.6810203046875 0.039360611328125 0.6781066796875 0.048385876953125 0.678467408203125 0.05019806640625 0.679855326171875 0.051228578125 0.680782115234375 0.058863025390625 0.681380458984375 0.06235068359375 0.680863427734375 0.06738396484375 0.6812727734375 0.071636421875 0.68169162890625 0.075103298828125 0.681649404296875 0.091064099609375 0.68035553515625 0.09721073046875 0.68216130859375 0.098545947265625 0.682145048828125 0.107906123046875 0.682031046875 0.111941619140625 0.681032791015625 0.1173233515625 0.6795435859375 0.121622376953125 0.678542119140625 0.1219066875 0.67806410546875 0.1239631796875 0.673291572265625 0.1254865234375 0.668531392578125 0.127486453125 0.665185162109375 0.12942613671875 0.656617630859375 0.12936964453125 0.65140018359375 0.127894484375 0.64195637890625 0.1275349296875 0.63768978125 0.12626946484375 0.629649505859375 0.125399759765625 0.626291357421875 0.117044087890625 0.631628830078125 0.1154778359375 0.631173353515625 0.1118331953125 0.629794083984375 0.109246576171875 0.628401927734375 0.105922029296875 0.62559314453125 0.09931458203125 0.625665806640625 0.0935069921875 0.6266758828125 0.090882720703125 0.626233291015625 0.0830014140625 0.623987759765625 0.078153732421875 0.623572248046875 0.074872302734375 0.62361221484375 0.063633130859375 0.62421974609375 0.060915412109375 0.626133482421875 0.0592930625 0.627092583984375 0.053914416015625 0.6266835390625 0.049987419921875 0.625782259765625 0.045666796875 0.625360328125 0.04085676953125 0.623995251953125 0.037477611328125 0.622612748046875 0.033529833984375 0.62218627734375 0.027761466796875 0.62225653125 0.025116412109375 0.62228874609375 0.0205668046875 0.623754146484375 0.014942453125 0.625703283203125 0.009604107421875 0.6248191953125 0.007488296875 0.62483910546875 0 0.62137573828125 0 0.682884384765625