1 0.637965083984375 0 0.614912275390625 0.02850037890625 0.5528314609375 0.073962708984375 0.518879203125 0.135317919921875 0.49128773046875 0.155523400390625 0.489001044921875 0.18290800390625 0.472096240234375 0.207727884765625 0.442812453125 0.206503591796875 0.368899474609375 0.181012521484375 0.35811770703125 0.184208419921875 0.363931669921875 0.1879679140625 0.36171630859375 0.20949479296875 0.347777923828125 0.23131298046875 0.32848159765625 0.372335353515625 0.31555579296875 0.39120040625 0.270641306640625 0.39036452734375 0.266876279296875 0.37874618359375 0.208475126953125 0.3626295703125 0.1901157578125 0.346493927734375 0.187339537109375 0.33387501953125 0.138826447265625 0.307752771484375 0.107565046875 0.30852960546875 0.058956859375 0.290217658203125 0 0.28184594140625 0 0.451400296875 0.099849099609375 0.46097611328125 0.130967849609375 0.47191473046875 0.217854181640625 0.47463559765625 0.219522720703125 0.498017947265625 0.20537036328125 0.5374093125 0.2050612890625 0.5627927890625 0.18545158984375 0.56913603515625 0.201738248046875 0.595083103515625 0.22405284375 0.607216494140625 0.20406274609375 0.644800939453125 0.20172851171875 0.676090693359375 0.209520087890625 0.67784905859375 0.2016571875 0.68194841796875 0.215286501953125 0.685513703125 0.199584474609375 0.691759845703125 0.20144321484375 0.69952159375 0.185527216796875 0.723340908203125 0.1892922421875 0.734959255859375 0.213798423828125 0.727518341796875 0.251349283203125 0.691449501953125 0.292593841796875 0.672856732421875 0.30653223046875 0.651038541015625 0.325224447265625 0.6398381328125 0.34333203125 0.596444513671875 0.36016551171875 0.577482357421875 0.381729046875 0.57109055859375 0.436388947265625 0.57363625 0.506869748046875 0.560172921875 0.532269634765625 0.55954174609375 0.54773391015625 0.57282135546875 0.582974310546875 0.566089689453125 0.59999798828125 0.53150693359375 0.674324875 0.442796640625 0.78271315625 0.36397584765625 0.854824681640625 0.296792431640625 0.891553158203125 0.24805612890625 0.942852205078125 0.205789697265625 0.96241435546875 0.2033516015625 0.98317928515625 0.182339765625 0.9891358984375 0.174383810546875 0.9898253671875 0.117759134765625 0.959481447265625 0.123393130859375 0.940038171875 0.1160683515625 0.915841064453125 0.0981257890625 0.91709139453125 0.075646900390625 0.911039681640625 0.091413158203125 0.88768873046875 0.084185482421875 0.900448111328125 0.078988455078125 0.895741830078125 0.064465525390625 0.9104312734375 0.06117251953125 0.8890817109375 0.049991142578125 0.91062147265625 0.045551919921875 0.819538455078125 0 0.637965083984375 0
0 0.75803625 0.225022185546875 0.735555232421875 0.22655682421875 0.72260565234375 0.24737444921875 0.74696918359375 0.251648986328125 0.757869826171875 0.2386902109375 0.75803625 0.225022185546875
0 0.687151279296875 0.2716792890625 0.700709267578125 0.281102298828125 0.636579515625 0.334423482421875 0.62360616015625 0.35719368359375 0.632315216796875 0.3638092109375 0.647993466796875 0.35951564453125 0.717305 0.28166589453125 0.79538717578125 0.28558153515625 0.78345017578125 0.303446021484375 0.72129803515625 0.354766076171875 0.70931348828125 0.37653571484375 0.72976934375 0.380907353515625 0.8246471875 0.28875840234375 0.84618694921875 0.284319177734375 0.853108591796875 0.277315234375 0.8513211796875 0.263695759765625 0.960018533203125 0.1594914921875 0.96013740625 0.149728615234375 0.947496900390625 0.145162767578125 0.933724939453125 0.153312931640625 0.815115748046875 0.269475412109375 0.690189021484375 0.262819873046875 0.687151279296875 0.2716792890625
0 0.731580533203125 0.39257425390625 0.59413217578125 0.371589990234375 0.620330669921875 0.385578849609375 0.702201646484375 0.399160259765625 0.727601533203125 0.39852908203125 0.731580533203125 0.39257425390625
0 0.581591068359375 0.51927644140625 0.60327348046875 0.503121767578125 0.705025416015625 0.40787401953125 0.706109322265625 0.39906315625 0.68854855859375 0.39754755078125 0.63143555078125 0.43605448828125 0.60078255859375 0.46707195703125 0.570880625 0.5166146171875 0.581591068359375 0.51927644140625
0 0.54412126953125 0.468479970703125 0.547254111328125 0.45181025390625 0.558977138671875 0.451518939453125 0.61536286328125 0.3925342421875 0.614469158203125 0.385724505859375 0.596884619140625 0.386161474609375 0.558368728515625 0.421278302734375 0.500875322265625 0.491026443359375 0.503627767578125 0.505597927734375 0.54412126953125 0.468479970703125
0 0.6545541875 0.221737724609375 0.712214017578125 0.138321560546875 0.737899203125 0.114259482421875 0.75186136328125 0.090488716796875 0.74703620703125 0.08572866015625 0.7314530546875 0.082211927734375 0.7028252265625 0.10732312109375 0.623387884765625 0.214704255859375 0.62814171875 0.225322041015625 0.6545541875 0.221737724609375
0 0.557028734375 0.2104973046875 0.586132060546875 0.146334609375 0.551928017578125 0.14816055859375 0.527887595703125 0.197557560546875 0.530616265625 0.21408162109375 0.546175642578125 0.2195509296875 0.557028734375 0.2104973046875
0 0.348428447265625 0.498718658203125 0.41395117578125 0.41120313671875 0.455790109375 0.34379598828125 0.4735410703125 0.32969099609375 0.531200900390625 0.24627483203125 0.530378517578125 0.23360737109375 0.499117119140625 0.234384205078125 0.462507513671875 0.2733576328125 0.335036880859375 0.47562762109375 0.329831330078125 0.502108765625 0.348428447265625 0.498718658203125
0 0.62479490234375 0.259564931640625 0.625926357421875 0.24684891796875 0.60250408203125 0.24547896875 0.53415758203125 0.32428073046875 0.530083484375 0.338045859375 0.564263751953125 0.338172484375 0.62479490234375 0.259564931640625
0 0.4274994296875 0.501633732421875 0.444309134765625 0.484624154296875 0.537494662109375 0.371045427734375 0.536696052734375 0.356425388671875 0.517181453125 0.3549583359375 0.502349361328125 0.3699667890625 0.418980572265625 0.47939760546875 0.4098911171875 0.504023279296875 0.4274994296875 0.501633732421875
0 0.33454734765625 0.435624109375 0.332736158203125 0.4239572109375 0.091007130859375 0.385068447265625 0.060710759765625 0.38679729296875 0.102468630859375 0.4062554609375 0.17461796875 0.416174484375 0.33454734765625 0.435624109375
0 0.066334525390625 0.406177388671875 0.02384937109375 0.36624145703125 0.097748310546875 0.312677515625 0.098855990234375 0.301914078125 0.064461748046875 0.319360626953125 0.016105345703125 0.36057794140625 0.021752884765625 0.3780054609375 0.06329678125 0.415036802734375 0.066334525390625 0.406177388671875
0 0 0.34520385546875 0.078423908203125 0.295589861328125 0 0.335576341796875 0 0.34520385546875
0 0.1977970625 0.67814037109375 0.20047818359375 0.698569580078125 0.219289275390625 0.677606298828125 0.213546634765625 0.667989078125 0.1977970625 0.67814037109375
0 0.557385357421875 0.1812086796875 0.549570005859375 0.18140288671875 0.545424583984375 0.2010257421875 0.551190998046875 0.20869038671875 0.5403616796875 0.215791435546875 0.54815325390625 0.217549802734375 0.561031509765625 0.202589900390625 0.58504815625 0.155145474609375 0.580222998046875 0.150385416015625 0.56656991015625 0.14877270703125 0.555716818359375 0.15782633203125 0.560541974609375 0.162586388671875 0.551618943359375 0.17354403515625 0.557385357421875 0.1812086796875
0 0.214535443359375 0.666988515625 0.2331563359375 0.66164583203125 0.29288887890625 0.5684182421875 0.3245782265625 0.53249505859375 0.322790810546875 0.5188755859375 0.308196466796875 0.5143582890625 0.2933881484375 0.52741416796875 0.24347234375 0.616493845703125 0.213736833984375 0.65236848046875 0.214535443359375 0.666988515625
0 0.34546202734375 0.50172034765625 0.356338896484375 0.4907141484375 0.531177125 0.248227408203125 0.5303547421875 0.235559947265625 0.50109473046875 0.232383078125 0.466486515625 0.267402802734375 0.33508443359375 0.47172247265625 0.32592365234375 0.502205869140625 0.34546202734375 0.50172034765625
0 0.301488796875 0.50378905859375 0.33159496875 0.5176808125 0.425331619140625 0.5192554609375 0.429334392578125 0.511348056640625 0.301488796875 0.50378905859375
0 0.58344980859375 0.527038189453125 0.4712824609375 0.515185625 0.4799677421875 0.523753728515625 0.559932431640625 0.5334785390625 0.58142464453125 0.532944466796875 0.58344980859375 0.527038189453125
0 0.5661224921875 0.345934232421875 0.48613402734375 0.338161994140625 0.455790109375 0.34379598828125 0.536672279296875 0.35837796484375 0.56014210546875 0.355842763671875 0.5661224921875 0.345934232421875
0 0.40469099609375 0.289434232421875 0.403464443359375 0.309960546875 0.41774971484375 0.339861318359375 0.42102520703125 0.31147615234375 0.40469099609375 0.289434232421875
0 0.50595769921875 0.314245572265625 0.4814990703125 0.3177813359375 0.5233520390625 0.329429203125 0.533216326171875 0.32137614453125 0.50595769921875 0.314245572265625
0 0.5731630078125 0.329167412109375 0.61108452734375 0.342864958984375 0.626715228515625 0.342476541015625 0.626810328125 0.3346662421875 0.5731630078125 0.329167412109375
0 0.704607205078125 0.362012783203125 0.714495267578125 0.352007146484375 0.6667094609375 0.34636266015625 0.704607205078125 0.362012783203125
0 0.9720981796875 0.1299115546875 0.853270712890625 0.103584607421875 0.856094484375 0.1122983671875 0.967035275390625 0.144677248046875 0.97588698046875 0.139577326171875 0.9720981796875 0.1299115546875
0 0.618558427734375 0.049881599609375 0.760784392578125 0.0795310703125 0.77641509375 0.07914265234375 0.78239548046875 0.069234123046875 0.65966033984375 0.043004279296875 0.60716825 0.022836861328125 0.592478806640625 0.026129865234375 0.59913892578125 0.040604244140625 0.618558427734375 0.049881599609375
0 0.140256107421875 0.75179366015625 0.13432326953125 0.757797041015625 0.135121876953125 0.772417076171875 0.142961001953125 0.77027029296875 0.14493861328125 0.768269166015625 0.15470780078125 0.76802640625 0.163607056640625 0.759021333984375 0.16363083203125 0.757068759765625 0.171565056640625 0.74711167578125 0.175567830078125 0.739204271484375 0.175591603515625 0.7372516953125 0.166906322265625 0.72868359375 0.161044810546875 0.72882925 0.154028068359375 0.743643494140625 0.145176361328125 0.748743416015625 0.1412686875 0.748840521484375 0.140256107421875 0.75179366015625
0 0.18071609765625 0.7976358671875 0.1886027734375 0.791583931640625 0.188626546875 0.78963135546875 0.19653699609375 0.78162684765625 0.196584546875 0.77772169921875 0.198562158203125 0.7757205703125 0.198704806640625 0.76400512109375 0.195809712890625 0.7611490859375 0.17699862109375 0.782112369140625 0.1709944609375 0.793973474609375 0.175795841796875 0.800686107421875 0.179703517578125 0.80058900390625 0.18071609765625 0.7976358671875
0 0.13478902734375 0.799753126953125 0.13285896484375 0.79784910546875 0.126997453125 0.79799476171875 0.121183490234375 0.794235267578125 0.115321978515625 0.794380923828125 0.1103303984375 0.803288892578125 0.111271654296875 0.806193478515625 0.114214298828125 0.80514436328125 0.11522687890625 0.802191224609375 0.117180716796875 0.802142671875 0.119110779296875 0.8040466953125 0.12497229296875 0.8039010390625 0.12690235546875 0.8058050625 0.1327638671875 0.80565940625 0.1346939296875 0.807563427734375 0.16009381640625 0.806932251953125 0.16202387890625 0.8088362734375 0.185469931640625 0.8082536484375 0.18551748046875 0.804348498046875 0.17772590625 0.8025901328125 0.175795841796875 0.800686107421875 0.152349791015625 0.801268734375 0.150419728515625 0.7993647109375 0.13478902734375 0.799753126953125
0 0 0.763430326171875 0.067618978515625 0.761562759765625 0.092202201171875 0.763194705078125 0.09441817578125 0.759262998046875 0.089625525390625 0.756485349609375 0 0.758995755859375 0 0.763430326171875
0 0.056242666015625 0.79289371875 0.069524076171875 0.791985892578125 0.068813482421875 0.788745689453125 0.055742486328125 0.7885746953125 0.04932528515625 0.78735605859375 0.04946787890625 0.783345091796875 0.0484733046875 0.778081880859375 0.043755138671875 0.77800978515625 0.04268723828125 0.791922736328125 0.043781541015625 0.79846006640625 0.0480964765625 0.7994049609375 0.049013376953125 0.793241234375 0.056242666015625 0.79289371875
0 0 0.7895078515625 0.005316142578125 0.789326109375 0.033553662109375 0.790174294921875 0.034593486328125 0.78482344140625 0.0248925234375 0.7862005625 0.0189879375 0.78218370703125 0.007688703125 0.779753181640625 0.007056205078125 0.77876167578125 0 0.778239318359375 0 0.7895078515625