1 0.40838723046875 0.65307331640625 0.394730466796875 0.60307009765625 0.37942539453125 0.60213515625 0.37502901953125 0.657881876953125 0.40838723046875 0.65307331640625
1 0.123349275390625 0.63379405078125 0.08096894140625 0.65983519921875 0.09306096875 0.6755112734375 0.1271971015625 0.66950544921875 0.14109835546875 0.65790679296875 0.123349275390625 0.63379405078125
1 0.435706984375 0.564495353515625 0.434625005859375 0.595548861328125 0.457920896484375 0.6013286796875 0.469539060546875 0.588345771484375 0.489773939453125 0.5939386015625 0.497654517578125 0.572013888671875 0.4886741796875 0.551548763671875 0.47414703125 0.549416560546875 0.435706984375 0.564495353515625
1 0.62734088671875 0.5071161640625 0.600366974609375 0.524140171875 0.588587892578125 0.51532952734375 0.571625623046875 0.5267411953125 0.56976572265625 0.55899196484375 0.5853330625 0.571768373046875 0.599547265625 0.567035146484375 0.633006828125 0.55227450390625 0.637149822265625 0.521407986328125 0.62734088671875 0.5071161640625
1 0.650958615234375 0.55648308203125 0.634884509765625 0.593467078125 0.644177796875 0.6207976328125 0.661300982421875 0.631179515625 0.684647552734375 0.63198329296875 0.693619 0.615726748046875 0.68743740625 0.583607140625 0.6662636875 0.5574180234375 0.650958615234375 0.55648308203125
0 0.662252091796875 0.5837279453125 0.6609891953125 0.592883984375 0.66422144140625 0.609678759765625 0.668070064453125 0.6139581640625 0.672545474609375 0.61101565234375 0.667374025390625 0.584144767578125 0.662252091796875 0.5837279453125
0 0.136178865234375 0.648063138671875 0.13232987890625 0.643781845703125 0.129065822265625 0.648607025390625 0.123811177734375 0.64840180078125 0.116666669921875 0.64861451953125 0.101425576171875 0.657149447265625 0.09059987109375 0.65825946875 0.08115075 0.66077989453125 0.0817972734375 0.6641392265625 0.08955149609375 0.667178408203125 0.097380703125 0.66578700390625 0.103054666015625 0.662638255859375 0.111591 0.656925837890625 0.122985455078125 0.65681153515625 0.128324962890625 0.656954724609375 0.132858546875 0.653863904296875 0.136178865234375 0.648063138671875
0 0.268843068359375 0.623588076171875 0.2743965859375 0.62181492578125 0.28287569921875 0.62040533984375 0.2855956875 0.61603301171875 0.28675276171875 0.611440734375 0.277804271484375 0.61044286328125 0.271105865234375 0.611213111328125 0.265084140625 0.61177947265625 0.2596613203125 0.61380209765625 0.262187060546875 0.620984435546875 0.264655974609375 0.61994959765625 0.268843068359375 0.623588076171875
0 0.307473115234375 0.601920423828125 0.29815922265625 0.6039070078125 0.294320287109375 0.604917283203125 0.292410501953125 0.610712099609375 0.293703546875 0.617430765625 0.297582828125 0.62020336328125 0.30148707421875 0.61529903515625 0.3034869375 0.615997537109375 0.306186541015625 0.614002748046875 0.3103530625 0.6134581171875 0.315077947265625 0.612147197265625 0.3181230390625 0.612356240234375 0.318407611328125 0.6072332890625 0.31991953515625 0.6017079375 0.314790224609375 0.5995342734375 0.307473115234375 0.601920423828125
0 0.452867125 0.578579615234375 0.45739635546875 0.57764573828125 0.464363482421875 0.576354158203125 0.467089287109375 0.57456884765625 0.47083263671875 0.574109775390625 0.475892677734375 0.572182623046875 0.48394513671875 0.57232847265625 0.485027333984375 0.56896084375 0.48397104296875 0.56489744921875 0.481238630859375 0.56552719921875 0.478412076171875 0.565814478515625 0.47508746875 0.56632216015625 0.47111022265625 0.567567341796875 0.468091384765625 0.56650971484375 0.46202061328125 0.567418509765625 0.45354945703125 0.568911357421875 0.4494237421875 0.570862599609375 0.442320333984375 0.571550845703125 0.43566051171875 0.5731188671875 0.437251296875 0.5785343828125 0.440137009765625 0.58131039453125 0.443361388671875 0.579967564453125 0.447586861328125 0.579048119140625 0.452867125 0.578579615234375
0 0.58479490234375 0.53468574609375 0.5837442734375 0.534727998046875 0.579769611328125 0.534854896484375 0.579645021484375 0.536900556640625 0.579151375 0.537552544921875 0.58083366796875 0.540561880859375 0.582350630859375 0.540857447265625 0.5833977578125 0.541572435546875 0.59517566015625 0.542077806640625 0.601936646484375 0.541140224609375 0.600550111328125 0.535706689453125 0.596171703125 0.5362296640625 0.59137388671875 0.53673199609375 0.5887936171875 0.534903875 0.58479490234375 0.53468574609375
0 0.61926525 0.535750171875 0.624390115234375 0.533698767578125 0.626565896484375 0.533288953125 0.62815673046875 0.532910001953125 0.62853923046875 0.53155476953125 0.628563509765625 0.528118158203125 0.62190047265625 0.530340119140625 0.6160733125 0.531802162109375 0.607071302734375 0.534969181640625 0.6081431015625 0.540517306640625 0.612489333984375 0.538454435546875 0.615576390625 0.53627232421875 0.61926525 0.535750171875
1 0.276805400390625 0.603335123046875 0.2579236640625 0.615251927734375 0.2784208125 0.632686228515625 0.292322068359375 0.621087572265625 0.31566863671875 0.6218913515625 0.32884264453125 0.60651391796875 0.311355833984375 0.594242646484375 0.292423419921875 0.6111354921875 0.276805400390625 0.603335123046875