1 0.326922380859375 0.3757461953125 0.335802427734375 0.392394576171875 0.35558477734375 0.401624279296875 0.382733654296875 0.391877611328125 0.404914455078125 0.310456794921875 0.426693396484375 0.27992776171875 0.4286087734375 0.26466073046875 0.416936880859375 0.2464211953125 0.41901469140625 0.1821707578125 0.3943669140625 0.164033609375 0.365144455078125 0.166463984375 0.33950909765625 0.21183540625 0.33216400390625 0.318070181640625 0.34577693359375 0.336734359375 0.326922380859375 0.3757461953125
1 0.183285529296875 0.344322583984375 0.199078921875 0.36150302734375 0.221627455078125 0.3566322109375 0.22378225390625 0.33945680078125 0.250666046875 0.3159268359375 0.240191263671875 0.288145404296875 0.25542882421875 0.262067578125 0.261679458984375 0.228141400390625 0.24625803125 0.2159442265625 0.183187109375 0.209989154296875 0.165636544921875 0.230659064453125 0.162310298828125 0.273068046875 0.184961484375 0.330963931640625 0.183285529296875 0.344322583984375
0 0.141677421875 0.707763884765625 0.157795685546875 0.626977517578125 0.15013841015625 0.616478916015625 0.136281826171875 0.671289845703125 0.134152689453125 0.704156931640625 0.141677421875 0.707763884765625
0 0.1973773046875 0.359170005859375 0.204636953125 0.348993662109375 0.217912044921875 0.2352327890625 0.20568008984375 0.245301712890625 0.19128910546875 0.344112779296875 0.1973773046875 0.359170005859375
0 0.3718313515625 0.3992962890625 0.396252396484375 0.20464162890625 0.386175240234375 0.19753514453125 0.36066396484375 0.392931671875 0.3718313515625 0.3992962890625
0 0.364272498046875 0.523131119140625 0.350073841796875 0.5170837265625 0.341749625 0.54369361328125 0.311206255859375 0.850732830078125 0.314900236328125 0.88487384765625 0.327931673828125 0.84458808203125 0.364272498046875 0.523131119140625
0 0.52241990234375 0.23224344921875 0.485395220703125 0.877075818359375 0.497494630859375 0.860115244140625 0.5153827578125 0.52677833203125 0.533339408203125 0.38364990625 0.541300119140625 0.208923291015625 0.53430978515625 0.161316201171875 0.52241990234375 0.23224344921875
0 0.667356513671875 0.3168918671875 0.675736283203125 0.2500986015625 0.679789255859375 0.0588310234375 0.669712099609375 0.0517245390625 0.66124265234375 0.28614296484375 0.667356513671875 0.3168918671875
0 0.659720671875 0.393651669921875 0.651785623046875 0.584069962890625 0.65193959765625 0.678220015625 0.654145720703125 0.692427953125 0.663611490234375 0.69645955078125 0.672871962890625 0.5749577421875 0.672564013671875 0.38665763671875 0.66684777734375 0.376583677734375 0.659720671875 0.393651669921875
0 0.814755591796875 0.127572927734375 0.816140798828125 0.084739302734375 0.8075258359375 0.081874216796875 0.804306470703125 0.115483171875 0.814755591796875 0.127572927734375
0 0.824734609375 0.44543803515625 0.822725044921875 0.254804904296875 0.814751361328125 0.199139658203125 0.814259826171875 0.417656603515625 0.824734609375 0.44543803515625
0 0.92496726953125 0.186977708984375 0.924864619140625 0.1242110078125 0.91622399609375 0.10565424609375 0.9157152578125 0.16534605859375 0.92496726953125 0.186977708984375
0 0.9449506875 0.393307546875 0.93873417578125 0.29979194140625 0.930837478515625 0.291201720703125 0.926155919921875 0.3205692734375 0.931577177734375 0.372734986328125 0.9449506875 0.393307546875
0 0.965404490234375 0.73895408203125 0.94242392578125 0.4054996875 0.935613228515625 0.467734328125 0.9588374453125 0.727713615234375 0.965404490234375 0.73895408203125
0 0.6601560546875 1 0.667134576171875 0.9227174296875 0.66112759375 0.883168501953125 0.65253829296875 0.89599509375 0.647561755859375 0.96745440234375 0.651980798828125 1 0.6601560546875 1
0 0.859047603515625 1 0.842653189453125 0.946410169921875 0.833106203125 0.966870279296875 0.833225380859375 1 0.859047603515625 1
0 0.987756466796875 0.910508453125 0.974276076171875 0.898735921875 0.969329431640625 0.9143201796875 0.980094962890625 0.97157658203125 0.987756466796875 0.910508453125
0 0.30170636328125 0.974143017578125 0.315293634765625 0.97711551953125 0.3124504609375 0.944141015625 0.30170636328125 0.974143017578125