1 0.659096169921875 0.44710078125 0.6791635390625 0.468558693359375 0.7002351640625 0.468938357421875 0.714632208984375 0.45742726953125 0.71342819140625 0.4124060859375 0.732790603515625 0.401165546875 0.768271541015625 0.2985866875 0.763605470703125 0.24453944140625 0.73882226171875 0.228972349609375 0.709947041015625 0.23469949609375 0.68640534765625 0.295662962890625 0.668920544921875 0.307390041015625 0.664579 0.322522912109375 0.671709005859375 0.360950744140625 0.659096169921875 0.44710078125
1 0.832877923828125 0.50229373046875 0.853575251953125 0.49343134375 0.857374103515625 0.48019008203125 0.900190943359375 0.436414767578125 0.914007794921875 0.395285916015625 0.906709390625 0.3679917421875 0.84879668359375 0.344855978515625 0.830394892578125 0.349232615234375 0.822504029296875 0.383768115234375 0.825629287109375 0.41506149609375 0.805431017578125 0.43624662109375 0.819821927734375 0.47045925 0.81493769140625 0.48748373046875 0.832877923828125 0.50229373046875
0 0.746708380859375 0.85186393359375 0.754761509765625 0.8519184921875 0.765864896484375 0.820247685546875 0.77530270703125 0.762742328125 0.764411349609375 0.7690651328125 0.746708380859375 0.85186393359375
0 0.835298224609375 0.5008886640625 0.846607509765625 0.489593568359375 0.87294993359375 0.390743369140625 0.86615058984375 0.37577193359375 0.832921556640625 0.48807938671875 0.835298224609375 0.5008886640625
0 0.678121787109375 0.45812756640625 0.7328090078125 0.263994392578125 0.72112542578125 0.266047435546875 0.66577075 0.45899153515625 0.678121787109375 0.45812756640625
0 0.52860033984375 0.894925529296875 0.524171529296875 0.93848708984375 0.540907744140625 0.908275904296875 0.635249044921875 0.607564662109375 0.638424072265625 0.57891998046875 0.62352796875 0.578108330078125 0.52860033984375 0.894925529296875
0 0.488970099609375 0.51275704296875 0.37309561328125 0.832275259765625 0.377056728515625 0.8536240546875 0.599080861328125 0.234422234375 0.61661543359375 0.162757091796875 0.591657693359375 0.20404737890625 0.529672068359375 0.370886380859375 0.488970099609375 0.51275704296875
0 0.527700294921875 0.003908890625 0.45696892578125 0.181339125 0.437974671875 0.247545431640625 0.455503109375 0.2216040078125 0.53862028125 0.003989779296875 0.527700294921875 0.003908890625
0 0.414850908203125 0.30353660546875 0.40583716015625 0.31034594921875 0.3312073359375 0.486101896484375 0.291384857421875 0.603813626953125 0.301315591796875 0.6043547265625 0.30886966015625 0.592086548828125 0.346184572265625 0.50420857421875 0.41438934765625 0.3227232421875 0.414850908203125 0.30353660546875
0 0.268771724609375 0.27482841796875 0.354629703125 0.070482345703125 0.32562358203125 0.118852525390625 0.248573455078125 0.296013541015625 0.268771724609375 0.27482841796875
0 0.163257478515625 0.1926163203125 0.18316258203125 0.179484173828125 0.20853825 0.13322159375 0.2160111875 0.103658384765625 0.205662521484375 0.108089580078125 0.163257478515625 0.1926163203125
0 0.018969330078125 0.498675046875 0.142092453125 0.2663890625 0.16066877734375 0.205155048828125 0.0087454296875 0.50618692578125 0.018969330078125 0.498675046875
0 0.06403737890625 0.158776642578125 0.09375458984375 0.097381189453125 0.11207525 0.075709525390625 0.123053875 0.040958033203125 0.11512551171875 0.04398416015625 0.077604701171875 0.111486419921875 0.06403737890625 0.158776642578125
0 0.16315933203125 0.9241958125 0.198509369140625 0.86425998828125 0.222344224609375 0.795243544921875 0.2198427890625 0.77935358203125 0.198933431640625 0.8135639765625 0.16315933203125 0.9241958125
0 0 0.861953123046875 0.035288310546875 0.779287837890625 0.0349576484375 0.755831443359375 0 0.7976572265625 0 0.861953123046875