1 0.452937005859375 0.664658169921875 0.439175486328125 0.612869244140625 0.423837087890625 0.609920130859375 0.419516607421875 0.66507512109375 0.452937005859375 0.664658169921875
1 0.167275560546875 0.607867822265625 0.124846630859375 0.628324916015625 0.13698777734375 0.6455888125 0.17118589453125 0.644077267578125 0.18509842578125 0.63431096484375 0.167275560546875 0.607867822265625
1 0.48017855078125 0.579696736328125 0.479141697265625 0.610600541015625 0.502494958984375 0.619445119140625 0.514117529296875 0.607994400390625 0.534403115234375 0.616249154296875 0.542266666015625 0.5953668046875 0.533236384765625 0.57372452734375 0.518675705078125 0.569680818359375 0.48017855078125 0.579696736328125
1 0.672124306640625 0.5475531484375 0.645120150390625 0.561022953125 0.633303078125 0.5506640625 0.6163228671875 0.5598405390625 0.614508294921875 0.591838939453125 0.630127576171875 0.606661263671875 0.644364181640625 0.60379996875 0.677870958984375 0.593446611328125 0.681975494140625 0.56313262890625 0.672124306640625 0.5475531484375
1 0.69586658203125 0.600016947265625 0.679815404296875 0.634876642578125 0.689169759765625 0.66342392578125 0.7063444765625 0.67605705859375 0.7297409296875 0.67993343359375 0.7387062734375 0.664861494140625 0.732462787109375 0.631935833984375 0.711204978515625 0.6029660625 0.69586658203125 0.600016947265625
0 0.707225166015625 0.628741814453125 0.705973607421875 0.637729484375 0.709238216796875 0.65494573046875 0.713101388671875 0.659730669921875 0.71758163671875 0.657377888671875 0.71235841015625 0.62983266796875 0.707225166015625 0.628741814453125
0 0.180153662109375 0.623822140625 0.17629012109375 0.619035263671875 0.173026623046875 0.62342970703125 0.16776071484375 0.62253293359375 0.160601638671875 0.62180526953125 0.145341802734375 0.628332220703125 0.13449523046875 0.628017138671875 0.125030259765625 0.629293318359375 0.125683255859375 0.632736955078125 0.13345827734375 0.63679600390625 0.141301677734375 0.636435375 0.1469826640625 0.634034154296875 0.155528072265625 0.62944659375 0.1669461015625 0.630832013671875 0.172296955078125 0.6316779375 0.1768352734375 0.62918453515625 0.180153662109375 0.623822140625
0 0.31305701953125 0.616813583984375 0.31861940625 0.61577178125 0.327114041015625 0.615478517578125 0.32983302734375 0.6114652109375 0.3309855078125 0.60702630078125 0.322016841796875 0.6048508984375 0.315305650390625 0.60473934765625 0.309272240234375 0.60451301953125 0.303841203125 0.6058214375 0.30638316796875 0.61333451953125 0.3088556484375 0.612624873046875 0.31305701953125 0.616813583984375
0 0.35173451953125 0.600235359375 0.34240424609375 0.600995619140625 0.33855884765625 0.601500390625 0.336653927734375 0.60704248828125 0.337959916015625 0.613929759765625 0.341851513671875 0.61721228515625 0.345756416015625 0.612822970703125 0.34776151171875 0.6137845234375 0.35046369921875 0.61214551171875 0.354638072265625 0.612149390625 0.359370806640625 0.61146065234375 0.362422564453125 0.6120704296875 0.36269991015625 0.606986134765625 0.3642065546875 0.60166107421875 0.35906323828125 0.5988128203125 0.35173451953125 0.600235359375
0 0.4973959453125 0.596036240234375 0.50193319140625 0.595698705078125 0.508912869140625 0.595324416015625 0.51164162890625 0.593898283203125 0.515392080078125 0.59393200390625 0.5204597265625 0.592671287109375 0.52852919140625 0.5938769375 0.529608505859375 0.59065253515625 0.5285438125 0.5864510703125 0.52580666796875 0.5867210390625 0.52297466015625 0.586636234375 0.5196438984375 0.58670622265625 0.515660263671875 0.58742764453125 0.512633517578125 0.5859729375 0.50655148046875 0.586082505859375 0.49806494921875 0.5864600625 0.49393361328125 0.587867833984375 0.48681644921875 0.587620994140625 0.480145138671875 0.588312109375 0.4817475 0.593935724609375 0.484643462890625 0.597090890625 0.487872515625 0.596172755859375 0.492105390625 0.59580966796875 0.4973959453125 0.596036240234375
0 0.629531712890625 0.569516515625 0.628478958984375 0.5694204765625 0.624496205078125 0.569024216796875 0.624374478515625 0.571052998046875 0.623880798828125 0.571639859375 0.6255711875 0.57486990625 0.627091763671875 0.575365060546875 0.628142166015625 0.57621769921875 0.639945384765625 0.5782731171875 0.64671903125 0.578225609375 0.645321318359375 0.572610857421875 0.64093458203125 0.57255744140625 0.636127533203125 0.572428185546875 0.633539095703125 0.570260890625 0.629531712890625 0.569516515625
0 0.664075529296875 0.575117546875 0.669207943359375 0.573741138671875 0.67138763671875 0.573617791015625 0.67298120703125 0.573448306640625 0.673362435546875 0.572143736328125 0.673381521484375 0.568711126953125 0.666707990234375 0.570055603515625 0.6608709140625 0.57075035546875 0.651854974609375 0.5727318203125 0.652937474609375 0.578419708984375 0.6572896171875 0.57692935546875 0.66037977734375 0.5751540625 0.664075529296875 0.575117546875
1 0.321005044921875 0.597613359375 0.30210213671875 0.607042224609375 0.322668607421875 0.627170185546875 0.336581138671875 0.617403884765625 0.359977591796875 0.621280259765625 0.37315559375 0.6076403515625 0.355613615234375 0.593070416015625 0.336667515625 0.60746748046875 0.321005044921875 0.597613359375