0 0.215383189453125 0.383484154296875 0.213724947265625 0.386591271484375 0.214702958984375 0.391408755859375 0.217338802734375 0.393121037109375 0.21993226953125 0.38560199609375 0.215383189453125 0.383484154296875
0 0.260110228515625 0.394118806640625 0.2622788671875 0.39803513671875 0.264192103515625 0.398440697265625 0.267253185546875 0.388715697265625 0.26461693359375 0.387005328125 0.26104586328125 0.389704970703125 0.260110228515625 0.394118806640625
0 0.336172064453125 0.412547263671875 0.338340294921875 0.416465505859375 0.34025353125 0.41687106640625 0.344760234375 0.40975758984375 0.343315017578125 0.40714415234375 0.344250244140625 0.402732228515625 0.342082013671875 0.39881398828125 0.338978150390625 0.399309580078125 0.3351940546875 0.40772977734375 0.336172064453125 0.412547263671875
0 0.232134779296875 0.441211595703125 0.238129482421875 0.4459409609375 0.2436141953125 0.443644970703125 0.24501703515625 0.4370270859375 0.2435714140625 0.4344155625 0.24497466015625 0.427795765625 0.242806427734375 0.423877521484375 0.23897995703125 0.423066396484375 0.235408478515625 0.425767953125 0.232134779296875 0.441211595703125
0 0.369930083984375 0.42777198828125 0.38204735546875 0.4130494375 0.38391780859375 0.40422559375 0.381749578125 0.4003073515625 0.371503166015625 0.406204140625 0.367719068359375 0.414624337890625 0.369930083984375 0.42777198828125
0 0.01934025 0.35576003515625 0.01742701171875 0.35535447265625 0.01385553515625 0.35805602734375 0.0131753046875 0.36598062890625 0.017001775390625 0.36679175390625 0.02057325390625 0.36409019921875 0.02150848046875 0.35967827734375 0.01934025 0.35576003515625
0 0.067851384765625 0.3579744921875 0.06211167578125 0.3567578046875 0.059263212890625 0.360764166015625 0.05785996875 0.367383962890625 0.06002819921875 0.371302205078125 0.061941435546875 0.371707767578125 0.065512912109375 0.369006212890625 0.067851384765625 0.3579744921875
0 0.292634857421875 0.1416562734375 0.28906337890625 0.144357828125 0.288595765625 0.1465637890625 0.290041388671875 0.149175310546875 0.289106162109375 0.153587236328125 0.29055137890625 0.156200671875 0.290339166015625 0.161917400390625 0.293400248046875 0.1521923984375 0.29578109765625 0.150392 0.2971839375 0.143774115234375 0.292634857421875 0.1416562734375
0 0.41695275390625 0.106915087890625 0.414784115234375 0.1029987578125 0.408831791015625 0.1075007109375 0.40742894921875 0.114118595703125 0.409597181640625 0.118036837890625 0.411510416015625 0.118442400390625 0.4155495078125 0.1135348828125 0.41695275390625 0.106915087890625
0 0.440208958984375 0.1245258359375 0.442122197265625 0.1249313984375 0.446161287109375 0.1200238828125 0.448032146484375 0.111198123046875 0.445395896484375 0.109487755859375 0.44182482421875 0.1121873984375 0.440208958984375 0.1245258359375
0 0.611677529296875 0.107848310546875 0.6059378203125 0.106631625 0.603344353515625 0.114150666015625 0.60938143359375 0.1281113515625 0.615801375 0.1214034375 0.616737005859375 0.1169896015625 0.614100755859375 0.115279234375 0.611677529296875 0.107848310546875
0 0.6478163984375 0.121272638671875 0.64921923828125 0.11465475390625 0.6470510078125 0.11073651171875 0.641311298828125 0.10951982421875 0.637739822265625 0.11222137890625 0.632042896484375 0.1202341015625 0.63421112890625 0.124152341796875 0.641864072265625 0.125774591796875 0.6478163984375 0.121272638671875
0 0.5461603515625 0.407493666015625 0.541696025390625 0.42383846484375 0.544332275390625 0.42554883203125 0.55075221484375 0.418840916015625 0.552622669921875 0.4100170703125 0.5461603515625 0.407493666015625
0 0.761292873046875 0.430044001953125 0.756021181640625 0.426619439453125 0.750068857421875 0.431121392578125 0.7496012421875 0.43332735546875 0.75176947265625 0.437245595703125 0.761335654296875 0.439273408203125 0.763461509765625 0.433960328125 0.761292873046875 0.430044001953125
0 0.8045746953125 0.438065216796875 0.796199142578125 0.43513625 0.7926276640625 0.4378378046875 0.79216005078125 0.440043763671875 0.795306291015625 0.4487794921875 0.799132763671875 0.4495906171875 0.8027038359375 0.446890974609375 0.8045746953125 0.438065216796875
0 0.577792517578125 0.428031470703125 0.57970575390625 0.428437033203125 0.586125693359375 0.4217291171875 0.5865509296875 0.4102918359375 0.583914681640625 0.40858146875 0.580343609375 0.411281109375 0.577792517578125 0.428031470703125
0 0.729916728515625 0.82798831640625 0.7313623515625 0.83059983984375 0.729959107421875 0.83721963671875 0.732170119140625 0.85036728515625 0.738122447265625 0.84586533203125 0.747943544921875 0.799534404296875 0.745775314453125 0.7956161640625 0.74003560546875 0.794399474609375 0.736464126953125 0.797101029296875 0.729916728515625 0.82798831640625
0 0.76707575 0.699847189453125 0.769711595703125 0.701559470703125 0.7746863203125 0.692238119140625 0.772517681640625 0.6883217890625 0.7686912109375 0.687510666015625 0.7660977421875 0.695029705078125 0.76707575 0.699847189453125
0 0.7209034765625 0.945958107421875 0.72307170703125 0.9498763515625 0.724984943359375 0.950281912109375 0.727110798828125 0.944968833984375 0.729491646484375 0.943168435546875 0.733700978515625 0.923310955078125 0.731532341796875 0.91939462890625 0.729619107421875 0.918989064453125 0.72604803515625 0.921688708984375 0.7209034765625 0.945958107421875
0 0.975532947265625 0.466235666015625 0.979016046875 0.456542357421875 0.97957639453125 0.44573565625 0.97591540234375 0.445568974609375 0.975532947265625 0.466235666015625