1 0 0.448407650390625 0.00002996484375 0.450125666015625 0.113532568359375 0.46686298828125 0.144982328125 0.47943233203125 0.23196837109375 0.486663587890625 0.23433023828125 0.510168404296875 0.221342181640625 0.548886314453125 0.22178530859375 0.574292767578125 0.20235929296875 0.57962873828125 0.219418498046875 0.606460359375 0.242097578125 0.619769701171875 0.223216951171875 0.65637515234375 0.22180951171875 0.687591927734375 0.229654908203125 0.689757091796875 0.221911771484375 0.693454955078125 0.23564973828125 0.697732578125 0.220129376953125 0.7031739609375 0.222218552734375 0.711044037109375 0.20700497265625 0.7340745 0.2111151484375 0.745905966796875 0.235406189453125 0.73972458984375 0.2718963515625 0.70554783203125 0.312598947265625 0.68906556640625 0.325893787109375 0.667936736328125 0.344258171875 0.657688556640625 0.3610837109375 0.61516737109375 0.377358921875 0.5970491171875 0.398737763671875 0.591765849609375 0.453485107421875 0.59715029296875 0.52358237890625 0.587321638671875 0.54896913671875 0.5880068125 0.56483036328125 0.60210885546875 0.599879 0.59719452734375 0.615881515625 0.56344153125 0.6875956875 0.47844975 0.7936718203125 0.405129201171875 0.863808119140625 0.341582482421875 0.899100302734375 0.29467614453125 0.949157998046875 0.255005298828125 0.9686521875 0.25357801171875 0.98879896484375 0.23361082421875 0.9945211015625 0.2259515703125 0.9935325859375 0.169275638671875 0.963348974609375 0.17334455859375 0.943684353515625 0.1650001328125 0.918950185546875 0.14577505859375 0.9195346015625 0.12332647265625 0.9139488125 0.138803095703125 0.89037853515625 0.1303532578125 0.902986697265625 0.12580998828125 0.897848978515625 0.11102065625 0.9124440546875 0.10848443359375 0.890758431640625 0.0961786171875 0.912171361328125 0.092849693359375 0.807577083984375 0.035892314453125 0.645848810546875 0.028704390625 0.640733275390625 0.02985120703125 0.61589190625 0.060435513671875 0.555144791015625 0.102747994140625 0.52300341015625 0.162436615234375 0.496004693359375 0.181242162109375 0.494529080078125 0.208550251953125 0.47835612890625 0.23253153515625 0.449029630859375 0.229786609375 0.37434496875 0.200423001953125 0.363655548828125 0.2030646328125 0.369582205078125 0.207131435546875 0.368004330078125 0.228576498046875 0.3547094921875 0.249705326171875 0.3395882890625 0.389943634765625 0.327218734375 0.408167302734375 0.282269615234375 0.40500073046875 0.278159439453125 0.393169265625 0.21926783203125 0.373999013671875 0.200426234375 0.3568863984375 0.197275427734375 0.344104115234375 0.147977525390625 0.3154256796875 0.11673228515625 0.314582390625 0.06757073046875 0.293721326171875 0 0.280665091796875 0 0.448407650390625
0 0.764871447265625 0.2646821875 0.742430974609375 0.265053244140625 0.730095505859375 0.28523125390625 0.75459106640625 0.2907759296875 0.7651100546875 0.278362583984375 0.764871447265625 0.2646821875
0 0.695353650390625 0.3077346640625 0.709193876953125 0.317875314453125 0.64663028125 0.367952458984375 0.6343288984375 0.390084810546875 0.64323592578125 0.397162185546875 0.658790373046875 0.39367514453125 0.725809955078125 0.319300484375 0.80402531640625 0.327271736328125 0.792615130859375 0.344544583984375 0.731970275390625 0.39272008984375 0.720628263671875 0.413901623046875 0.741218169921875 0.419340888671875 0.83338590234375 0.33197100390625 0.85479883203125 0.328642080078125 0.861514423828125 0.3219863515625 0.859322990234375 0.308253248046875 0.964955994140625 0.209526248046875 0.964785560546875 0.199754533203125 0.95200696484375 0.194526091796875 0.93847351953125 0.201974521484375 0.823280896484375 0.31216405078125 0.698129501953125 0.299019181640625 0.695353650390625 0.3077346640625
0 0.743375517578125 0.431119650390625 0.60527509375 0.402974625 0.631893916015625 0.41834371875 0.714185365234375 0.43619209375 0.739572123046875 0.436877267578125 0.743375517578125 0.431119650390625
0 0.59710808984375 0.5502376015625 0.6183165 0.535182623046875 0.717267998046875 0.445065693359375 0.718091021484375 0.436297505859375 0.700481486328125 0.4338688125 0.64449713671875 0.469472857421875 0.614756654296875 0.498948228515625 0.586316408203125 0.547016208984375 0.59710808984375 0.5502376015625
0 0.558124654296875 0.497419767578125 0.560764158203125 0.4808869140625 0.572481125 0.481203146484375 0.627131150390625 0.425052154296875 0.62603543359375 0.4181856015625 0.608459984375 0.417711251953125 0.570976365234375 0.450884484375 0.515537404296875 0.51775801171875 0.518722294921875 0.532494638671875 0.558124654296875 0.497419767578125
0 0.661269328125 0.256025763671875 0.71646968359375 0.175471841796875 0.741447400390625 0.152704904296875 0.75470815234375 0.129621732421875 0.7497408671875 0.12460411328125 0.734050072265625 0.120273783203125 0.706160158203125 0.143938833984375 0.629887740234375 0.2473651015625 0.634957287109375 0.258245751953125 0.661269328125 0.256025763671875
0 0.56338934375 0.2397100859375 0.590597525390625 0.176958185546875 0.5564400859375 0.1770130078125 0.53385832421875 0.225239103515625 0.537077302734375 0.241930072265625 0.55280218359375 0.24821474609375 0.56338934375 0.2397100859375
0 0.363285029296875 0.51755566015625 0.426228521484375 0.433303875 0.466078951171875 0.367963044921875 0.483415791015625 0.354757 0.538616146484375 0.274203078125 0.537418169921875 0.261473498046875 0.5061729296875 0.260630208984375 0.470710310546875 0.297764833984375 0.3492061953125 0.493734609375 0.344784298828125 0.51998646875 0.363285029296875 0.51755566015625
0 0.6326245625 0.292367685546875 0.633379412109375 0.2796908125 0.609911396484375 0.27710400390625 0.543885271484375 0.352482189453125 0.540218224609375 0.36605717578125 0.574409748046875 0.367956693359375 0.6326245625 0.292367685546875
0 0.44245976171875 0.524576091796875 0.45876905859375 0.5084121796875 0.5486090078125 0.3994918203125 0.547376943359375 0.384807896484375 0.52781458203125 0.3823265 0.513424025390625 0.396588775390625 0.433280041015625 0.501863978515625 0.424918400390625 0.526056083984375 0.44245976171875 0.524576091796875
0 0.34753100390625 0.453644236328125 0.34537365625 0.441865474609375 0.102439048828125 0.3903801015625 0.072187263671875 0.3905403359375 0.114530966796875 0.412194103515625 0.18699010546875 0.425870267578125 0.34753100390625 0.453644236328125
0 0.078386615234375 0.41024187890625 0.034708587890625 0.368041162109375 0.107036322265625 0.318227546875 0.1078252578125 0.307505017578125 0.073940513671875 0.323194578125 0.026795017578125 0.361967314453125 0.03296028125 0.379714513671875 0.075610763671875 0.418957361328125 0.078386615234375 0.41024187890625
0 0 0.351798259765625 0.087201265625 0.300111408203125 0.00394550390625 0.338886259765625 0 0.347565623046875 0 0.351798259765625
0 0.217937943359375 0.689440857421875 0.221225095703125 0.71004051171875 0.239419046875 0.690020619140625 0.23339012890625 0.6800907890625 0.217937943359375 0.689440857421875
0 0.56287804296875 0.21039494921875 0.555066732421875 0.210184125 0.5515019453125 0.229622138671875 0.557496775390625 0.237597626953125 0.54687552734375 0.244147943359375 0.554720923828125 0.246313109375 0.56715865234375 0.231998126953125 0.589774501953125 0.185726373046875 0.58480721484375 0.18070875390625 0.5711033359375 0.17838547265625 0.56051617578125 0.1868901328125 0.5654834609375 0.191907751953125 0.556883212890625 0.2024194609375 0.56287804296875 0.21039494921875
0 0.2343495 0.679139970703125 0.25281614453125 0.674754818359375 0.30979889453125 0.584481888671875 0.34043057421875 0.550147013671875 0.338239138671875 0.536413912109375 0.32350771484375 0.531132763671875 0.309083072265625 0.543440697265625 0.261796287109375 0.63006846875 0.233117435546875 0.66445605078125 0.2343495 0.679139970703125
0 0.36040691796875 0.520408115234375 0.3709599921875 0.509949111328125 0.538650234375 0.276157419921875 0.537452255859375 0.263427841796875 0.508091669921875 0.258728572265625 0.47451370703125 0.292007216796875 0.3491380234375 0.48982592578125 0.340878642578125 0.51988105859375 0.36040691796875 0.520408115234375
0 0.316485341796875 0.52019941015625 0.3470098203125 0.5356739140625 0.44081371484375 0.54211246875 0.4445830234375 0.534400509765625 0.316485341796875 0.52019941015625
0 0.599197265625 0.558107677734375 0.48665403125 0.540419537109375 0.49559514453125 0.54945125390625 0.57586559375 0.56333823828125 0.597346697265625 0.563918 0.599197265625 0.558107677734375
0 0.576498923828125 0.37582676953125 0.496262560546875 0.363894126953125 0.466078951171875 0.367963044921875 0.54741103125 0.386762240234375 0.570810875 0.385440365234375 0.576498923828125 0.37582676953125
0 0.413357548828125 0.310867587890625 0.412739046875 0.331361830078125 0.42791359765625 0.362049431640625 0.43034858203125 0.3337905234375 0.413357548828125 0.310867587890625
0 0.515381794921875 0.340969072265625 0.49102258203125 0.343241767578125 0.5332299375 0.357078162109375 0.542857728515625 0.349524322265625 0.515381794921875 0.340969072265625
0 0.58304408203125 0.359399328125 0.621379869140625 0.37508465625 0.637002490234375 0.37550630078125 0.636866142578125 0.367688931640625 0.58304408203125 0.359399328125
0 0.715490544921875 0.39911229296875 0.72508425 0.389604107421875 0.677120671875 0.38147262109375 0.715490544921875 0.39911229296875
0 0.976161658203125 0.18052734375 0.856527876953125 0.1479971640625 0.859610509765625 0.156870763671875 0.971535240234375 0.1950531484375 0.98023774609375 0.190404466796875 0.976161658203125 0.18052734375
0 0.620172515625 0.082038693359375 0.7633083984375 0.119110025390625 0.77893101953125 0.11953166796875 0.784619068359375 0.10991807421875 0.6610796328125 0.077282482421875 0.6079783359375 0.0543616640625 0.593383259765625 0.05689788671875 0.600473806640625 0.071739923828125 0.620172515625 0.082038693359375
0 0.162567154296875 0.760223068359375 0.156810931640625 0.765927978515625 0.15804299609375 0.7806118984375 0.16582021875 0.77886837890625 0.167738958984375 0.7769667421875 0.17750309765625 0.777230271484375 0.186137431640625 0.768672904296875 0.18610334375 0.7667185625 0.193744220703125 0.757157671875 0.197513529296875 0.749445712890625 0.19747944140625 0.747491369140625 0.188538328125 0.738459654296875 0.182679845703125 0.738301537109375 0.176100599609375 0.75277463671875 0.167398091796875 0.757423318359375 0.1634924375 0.75731790625 0.162567154296875 0.760223068359375
0 0.20439461328125 0.80823410546875 0.2121036640625 0.802581900390625 0.212069576171875 0.800627556640625 0.2197445390625 0.793021009765625 0.2196763671875 0.789112326171875 0.221595107421875 0.7872106875 0.2213905859375 0.7754846328125 0.21841021484375 0.772474060546875 0.200216263671875 0.792493953125 0.194562302734375 0.804061890625 0.199563673828125 0.811033853515625 0.203469330078125 0.811139265625 0.20439461328125 0.80823410546875
0 0.158520208984375 0.807972693359375 0.156533294921875 0.805965646484375 0.1506748125 0.805807529296875 0.14474815625 0.801740728515625 0.138889673828125 0.801582611328125 0.13416099609375 0.810245388671875 0.1351885390625 0.81320325390625 0.13810073828125 0.812305142578125 0.139026021484375 0.80939998046875 0.140978849609375 0.809452685546875 0.142965763671875 0.811459734375 0.14882424609375 0.8116178515625 0.15081116015625 0.813624900390625 0.156669642578125 0.813783017578125 0.158656556640625 0.815790064453125 0.184043314453125 0.81647523828125 0.186030228515625 0.81848228515625 0.20946416015625 0.819114751953125 0.209395986328125 0.815206068359375 0.20155058984375 0.813040904296875 0.199563673828125 0.811033853515625 0.176129744140625 0.81040138671875 0.174142830078125 0.80839433984375 0.158520208984375 0.807972693359375
0 0.112064501953125 0.7622961015625 0.00651023828125 0.75978129296875 0.004966802734375 0.764175859375 0.090203599609375 0.766239984375 0.11484058203125 0.76914940234375 0.1169405234375 0.76532658203125 0.112064501953125 0.7622961015625
0 0.079753318359375 0.797029076171875 0.09301073828125 0.796808671875 0.0922039609375 0.793526634765625 0.079125029296875 0.792677474609375 0.072670302734375 0.7911241484375 0.07269405859375 0.7871144140625 0.07154328515625 0.781791533203125 0.066821947265625 0.781474626953125 0.066166138671875 0.795353572265625 0.067454421875 0.801957703125 0.07179830859375 0.8031278359375 0.072532740234375 0.79700219140625 0.079753318359375 0.797029076171875
0 0.028709884765625 0.79081476953125 0.056978740234375 0.793128748046875 0.057860212890625 0.787823599609375 0.04819793359375 0.78869971484375 0.0421730078125 0.784370455078125 0.03079926171875 0.7813501796875 0.030137240234375 0.78032434765625 0.005757154296875 0.7772597265625 0.00497219921875 0.789441572265625 0.015967810546875 0.79059002734375 0.028709884765625 0.79081476953125