1 1 0.34018996391752576 0.9456825057915058 0.34467987113402065 0.9122802200772201 0.37066160824742267 0.8852642972972973 0.3728947525773196 0.8377057760617761 0.3412209020618557 0.8272228185328185 0.3235108762886598 0.8100171467181467 0.31564482989690723 0.7581756525096525 0.26678048969072166 0.7349561351351351 0.21813032474226807 0.7113633783783784 0.18602349999999998 0.6893761891891892 0.1243710824742268 0.6654849305019306 0.11189751546391752 0.6474944362934363 0.07158737628865978 0.5491657683397684 0.03533794329896907 0.39524903088803093 0.0031674329896907217 0.357128 0.009930639175257732 0.33463150193050195 0.023142546391752575 0.3207627528957529 0.04131744845360825 0.1813378803088803 0.03271776804123711 0.1269205752895753 0.06920887628865979 0.10637894208494209 0.09928770103092784 0.08345913127413128 0.11098655154639175 0.015147440154440155 0.11663322164948453 0.001423181467181467 0.12825125773195875 0.0056130501930501935 0.5058254072164948 0.007136617760617761 0.5688088144329897 0.011720984555984556 0.7583235051546391 0.014150200772200772 0.8587456958762887 0.017214749034749035 0.9854321494845361 0.017557872586872584 0.9996166288659794 0.5143651737451738 0.9701382577319587 0.6334147220077221 0.9602975721649485 0.6673775945945946 0.9574901855670103 0.7044280038610039 0.9544275876288659 0.7299001583011583 0.9523220463917526 0.73646116988417 0.9517797113402062 0.7310203706563706 0.9346849278350516 0.7341450347490347 0.9199782113402062 0.7547487142857143 0.8764778608247423 0.6276988918918919 0.8678872886597938 0.5507347760617761 0.8835374484536082 0.5377246332046332 0.8732605360824742 0.5299058996138997 0.8537822371134021 0.532556694980695 0.7875131597938145 0.5546303629343629 0.8047811082474227 0.6319933590733591 0.82160693814433 0.6702265057915058 0.8194786030927835 0.7641718185328186 0.786428293814433 0.8263062702702703 0.6373239587628866 0.8106441235521236 0.6133338453608248 0.8000363513513514 0.5744775103092784 0.780066555984556 0.5482633917525773 0.7889669266409266 0.4685773402061856 0.7998849305019305 0.44032604123711344 0.8365366988416988 0.4207839020618556 0.8681592471042471 0.43313441237113404 0.8940925752895753 0.46607979381443293 0.913864250965251 0.5640364175257732 0.9851022548262548 0.5994290824742268 1 0.62073956185567 1 0.34018996391752576
0 0.26766908494208497 0.8260654896907217 0.2713228803088803 0.8962418865979381 0.2771798494208494 0.8957577474226804 0.28221759073359076 0.8614072680412371 0.27326910038610036 0.49148266494845366 0.26797807335907337 0.43449316494845364 0.26092438223938225 0.4259401288659794 0.26766908494208497 0.8260654896907217
0 0.24732541312741313 0.7128933814432991 0.2463183552123552 0.7521313041237114 0.2521753243243243 0.7516471649484535 0.2540634092664093 0.6679611134020618 0.24877237837837837 0.6109716134020619 0.24581238223938226 0.6099111288659794 0.24297842471042472 0.6140608505154639 0.24732541312741313 0.7128933814432991
0 0.15714169111969112 0.7856057989690721 0.1532976254826255 0.6266945257731958 0.1453616911196911 0.5816700567010309 0.13862308494208495 0.5861425412371134 0.14158368725868725 0.6276628092783505 0.13799413127413127 0.6410110824742268 0.14139707722007722 0.7816866391752577 0.14379052123552125 0.7997609742268041 0.14775818146718145 0.8020433195876289 0.15537842084942086 0.7935824896907216 0.15714169111969112 0.7856057989690721
0 0.3836031737451738 0.24090855154639174 0.37825095752895754 0.30269330412371137 0.3803317528957529 0.46958126288659796 0.3847405405405406 0.490099324742268 0.38329235907335907 0.5111015309278351 0.3883307104247104 0.5172108402061856 0.39318000772200773 0.5155048350515463 0.39626542084942085 0.4813157371134021 0.39059384942084946 0.2468564793814433 0.3836031737451738 0.24090855154639174
0 0.3865086911196911 0.805800912371134 0.3895317027027027 0.8094664948453608 0.3963333243243243 0.8075991134020618 0.39815838996138997 0.7213079587628866 0.3951965637065637 0.5988681288659794 0.3882058918918919 0.5929202010309278 0.3817193629343629 0.6078130927835051 0.3865086911196911 0.805800912371134
0 0.36276573745173746 0.7947119536082474 0.36585176061776065 0.8009826391752578 0.3726533822393822 0.7991152577319587 0.37025749420849424 0.6192017835051546 0.36515612741312736 0.6104873711340206 0.35879562934362935 0.6305904742268041 0.3622603745173745 0.6929515670103092 0.36276573745173746 0.7947119536082474
0 0.4990477683397684 0.6059456134020619 0.501883555984556 0.7231752422680412 0.5077405250965251 0.7226911082474228 0.5135332509652509 0.638682293814433 0.5079871003861004 0.36897345876288656 0.4996124826254826 0.4675524072164949 0.5028263745173746 0.6004126546391753 0.4990477683397684 0.6059456134020619
0 0.5916879536679536 0.5539126340206185 0.5865235675675676 0.5425931237113402 0.5836265907335908 0.5441377474226804 0.5849499575289575 0.5988449072164949 0.5772679227799228 0.6856201958762888 0.5791584478764479 0.7637732835051547 0.5830630926640926 0.7634505257731958 0.588604972972973 0.7499408711340206 0.5922551081081081 0.57735856185567 0.5916879536679536 0.5539126340206185
0 0.6072441235521235 0.5904762835051546 0.6024578455598456 0.5947873814432989 0.6003176872586873 0.6680530257731958 0.6037206332046332 0.8087285773195877 0.6115299227799227 0.8080830618556701 0.6114656872586872 0.7245583917525773 0.6146771428571428 0.6955794948453607 0.6123454903474904 0.5991906907216494 0.6072441235521235 0.5904762835051546
0 0.7269035637065637 0.6445378247422681 0.7301150193050193 0.6155589329896907 0.7293588069498069 0.5842976958762887 0.7222421003861004 0.5731395618556702 0.7193451274131274 0.5746841855670103 0.722179694980695 0.6109942422680412 0.7185901351351351 0.6243425206185567 0.7212998880308881 0.7363619432989691 0.7252675521235522 0.7386442886597937 0.7287310772200772 0.7200858041237113 0.7269035637065637 0.6445378247422681