1 0.384765625 0.23633352037292818 0.3935546875 0.2257963570441989 0.3974609375 0.2257963570441989 0.41796875 0.1971954851519337 0.41015625 0.15504683183701656 0.412109375 0.15203621374309392 0.412109375 0.1098875604281768 0.41796875 0.07978137948895028 0.419921875 0.049675198549723756 0.4169921875 0.04515927140883978 0.4072265625 0.04515927140883978 0.3916015625 0.03311679903314917 0.3740234375 0.02709556284530387 0.375 0.21224857562154695 0.37890625 0.2333229022790055 0.3818359375 0.2378388294198895
1 0.3671875 0.5765333649861878 0.365234375 0.4169706060082873 0.3466796875 0.38535911602209943 0.3037109375 0.3733166436464088 0.2734375 0.32665206319060774 0.240234375 0.1971954851519337 0.21484375 0.17009992230662985 0.208984375 0.10386632424033149 0.185546875 0.019569017610497237 0.1650390625 0 0.1103515625 0 0.130859375 0.2574078470303867 0.142578125 0.32665206319060774 0.166015625 0.38987504316298344 0.2001953125 0.4034228245856354 0.2685546875 0.5027732216850829 0.2724609375 0.484709513121547 0.2822265625 0.4997626035911602 0.3056640625 0.5027732216850829 0.3095703125 0.4877201312154696 0.314453125 0.5133103850138122 0.3515625 0.5735227468922652
1 0.484375 0.6548094354281768 0.484375 0.6186820183011049 0.4765625 0.5976076916436464 0.4833984375 0.5780386740331491 0.4931640625 0.5690068197513812 0.5400390625 0.5690068197513812 0.5869140625 0.4877201312154696 0.615234375 0.4771829678867403 0.6171875 0.45309802313535913 0.630859375 0.43804493266574585 0.634765625 0.4169706060082873 0.634765625 0.31460959081491713 0.6494140625 0.30407242748618785 0.6591796875 0.3100936636740331 0.6572265625 0.2950405732044199 0.6123046875 0.3070830455801105 0.5244140625 0.36729540745856354 0.4775390625 0.40944406077348067 0.43359375 0.46514049551104975 0.427734375 0.49825729454419887 0.4296875 0.5735227468922652 0.4375 0.5825546011740331 0.439453125 0.609650164019337 0.4501953125 0.6352404178176796 0.4638671875 0.6472828901933702 0.4736328125 0.6412616540055248
0 0.310546875 0.471161731698895 0.318359375 0.45309802313535913 0.3212890625 0.39740158839779005 0.3642578125 0.4365396236187845 0.37109375 0.43202369647790057 0.3486328125 0.4034228245856354 0.3173828125 0.37933787983425415 0.3056640625 0.37933787983425415 0.2880859375 0.346221080801105 0.2822265625 0.346221080801105 0.2158203125 0.276976864640884 0.1787109375 0.2649343922651934 0.2646484375 0.3552529350828729 0.2783203125 0.36127417127071826 0.30078125 0.3928856612569061 0.302734375 0.46815111360497236
0 0.453125 0.5765333649861878 0.455078125 0.5735227468922652 0.455078125 0.5373953297651933 0.451171875 0.5253528573895028 0.451171875 0.5012679126381215 0.455078125 0.45309802313535913 0.4501953125 0.4515927140883978 0.43359375 0.4741723497928177 0.4296875 0.5042785307320442 0.4296875 0.5313740935773481 0.43359375 0.5675015107044199
0 0.51171875 0.5434165659530387 0.5146484375 0.535890020718232 0.5205078125 0.5389006388121547 0.52734375 0.5283634754834254 0.52734375 0.46815111360497236 0.533203125 0.4410555507596685 0.53125 0.42600246029005523 0.533203125 0.40492813363259667 0.5234375 0.3958962793508287 0.5205078125 0.3823484979281768 0.513671875 0.38686442506906077 0.51171875 0.3989068974447514 0.509765625 0.4771829678867403 0.5078125 0.5072891488259669 0.50390625 0.5223422392955801 0.50390625 0.540405947859116 0.5068359375 0.544921875
0 0.603515625 0.48320420407458564 0.607421875 0.480193585980663 0.60546875 0.45008740504143646 0.61328125 0.37482195269337015 0.6123046875 0.3281573722375691 0.6005859375 0.33417860842541436 0.595703125 0.341705153660221 0.58984375 0.3688007165055249 0.583984375 0.4470767869475138 0.583984375 0.4591192593232044 0.591796875 0.480193585980663 0.5947265625 0.484709513121547
0 0.71875 0.8625420839088398 0.71875 0.8565208477209945 0.73046875 0.8444783753453039 0.7294921875 0.8369518301104972 0.7236328125 0.8399624482044199 0.7158203125 0.8369518301104972 0.7021484375 0.8489943024861878 0.6962890625 0.8489943024861878 0.693359375 0.8535102296270718 0.6953125 0.8595314658149171 0.69140625 0.8625420839088398
0 0.560546875 0.9618924810082873 0.6357421875 0.9092066643646409 0.642578125 0.8956588829419889 0.6376953125 0.8941535738950276 0.6279296875 0.9001748100828729 0.6142578125 0.9122172824585635 0.6123046875 0.9182385186464088 0.5927734375 0.9242597548342542 0.5771484375 0.9363022272099447 0.556640625 0.9588818629143646 0.5576171875 0.9633977900552486
0 0.43359375 0.9980198981353591 0.4375 0.9889880438535912 0.439453125 0.9709243352900553 0.4296875 0.9197438276933702 0.421875 0.8986695010359116 0.41796875 0.8685633200966851 0.4072265625 0.8459836843922652 0.3935546875 0.8399624482044199 0.3837890625 0.821898739640884 0.3798828125 0.821898739640884 0.375 0.8294252848756906 0.375 0.8504996115331491 0.37890625 0.8595314658149171 0.388671875 0.9347969181629834 0.404296875 0.9950092800414365 0.4072265625 0.9995252071823204
0 0.78515625 0.8143721944060773 0.810546875 0.7993191039364641 0.8056640625 0.7887819406077348 0.7998046875 0.7887819406077348 0.791015625 0.7782447772790055 0.791015625 0.7541598325276243 0.8037109375 0.7586757596685083 0.80859375 0.7541598325276243 0.80859375 0.7421173601519337 0.7138671875 0.6171767092541437 0.7001953125 0.6111554730662984 0.6845703125 0.6201873273480663 0.6796875 0.6307244906767956 0.7041015625 0.6683572168508287 0.7177734375 0.6803996892265194 0.7490234375 0.7376014330110497 0.7607421875 0.7466332872928176 0.7705078125 0.7677076139502762 0.783203125 0.7782447772790055 0.78515625 0.7902872496546961 0.771484375 0.8113615763121547 0.7744140625 0.8158775034530387
0 0.66796875 0.8745845562845304 0.669921875 0.8685633200966851 0.6640625 0.8504996115331491 0.662109375 0.8234040486878453 0.6640625 0.7872766315607734 0.654296875 0.7330855058701657 0.6376953125 0.7135164882596685 0.6259765625 0.7074952520718232 0.5869140625 0.6412616540055248 0.5751953125 0.6412616540055248 0.5615234375 0.6533041263812155 0.5546875 0.6638412897099447 0.556640625 0.6939474706491713 0.56640625 0.7029793249309392 0.57421875 0.7240536515883977 0.607421875 0.7782447772790055 0.609375 0.7932978677486188 0.623046875 0.8053403401243094 0.62890625 0.8294252848756906 0.6552734375 0.8520049205801105 0.662109375 0.8715739381906077