1 0.017829457364341064 0.7887179487179488 0.0391472868217054 0.7348717948717949 0.035658914728682184 0.7153846153846154 0.046511627906976744 0.6907692307692307 0.06782945736434108 0.5779487179487179 0.12945736434108523 0.5753846153846154 0.14922480620155038 0.5646153846153846 0.1562015503875969 0.5487179487179488 0.16007751937984496 0.4774358974358974 0.18139534883720929 0.46205128205128204 0.22403100775193796 0.4502564102564102 0.2453488372093023 0.4230769230769231 0.2496124031007752 0.38358974358974357 0.27868217054263567 0.36974358974358973 0.3484496124031008 0.3758974358974359 0.35 0.39692307692307693 0.3391472868217054 0.44461538461538463 0.3546511627906977 0.44461538461538463 0.40193798449612406 0.41025641025641024 0.3988372093023256 0.3928205128205128 0.43643410852713177 0.37025641025641026 0.43992248062015504 0.3041025641025641 0.4728682170542636 0.28 0.49573643410852714 0.22615384615384615 0.5275193798449612 0.19076923076923077 0.5635658914728683 0.18923076923076923 0.5806201550387597 0.2 0.686046511627907 0.21025641025641026 0.7697674418604651 0.23384615384615384 0.7794573643410853 0.24871794871794872 0.8143410852713178 0.2682051282051282 0.8914728682170543 0.2784615384615384 0.9089147286821705 0.2928205128205128 0.9639534883720929 0.2928205128205128 0.9627906976744186 0.3333333333333333 0.953875968992248 0.3579487179487179 0.9279069767441861 0.37076923076923074 0.9155038759689922 0.3917948717948718 0.8875968992248062 0.4148717948717949 0.8782945736434108 0.4543589743589743 0.8624031007751938 0.4805128205128205 0.8616279069767442 0.5071794871794872 0.8317829457364341 0.5302564102564102 0.8054263565891473 0.5728205128205128 0.780232558139535 0.5948717948717949 0.7589147286821706 0.6353846153846154 0.7139534883720929 0.6825641025641025 0.6875968992248063 0.7430769230769231 0.6755813953488372 0.7517948717948718 0.5426356589147286 0.7599999999999999 0.4689922480620155 0.7507692307692307 0.4604651162790698 0.7389743589743589 0.3558139534883721 0.7405128205128205 0.3372093023255814 0.7502564102564103 0.31279069767441864 0.7502564102564103 0.2562015503875969 0.7866666666666667 0.22558139534883723 0.8184615384615385 0.10155038759689923 0.8123076923076923 0.06666666666666668 0.7948717948717948 0.0364341085271318 0.7974358974358975
0 0.6640625 0.6990084134615384 0.830078125 0.4896935096153846 0.8759765625 0.41087740384615384 0.94140625 0.34239783653846156 0.9580078125 0.2997596153846154 0.9306640625 0.30234375 0.931640625 0.3217247596153846 0.9072265625 0.3566105769230769 0.8681640625 0.36953125 0.83203125 0.4173377403846154 0.830078125 0.44317908653846155 0.806640625 0.49744591346153844 0.666015625 0.6654146634615384 0.658203125 0.6938401442307692
0 0.572265625 0.688671875 0.662109375 0.567217548076923 0.8330078125 0.2765024038461538 0.8056640625 0.26875 0.791015625 0.2881310096153846 0.75390625 0.37599158653846154 0.65234375 0.5336237980769231 0.607421875 0.621484375 0.564453125 0.6731670673076923 0.5625 0.6860877403846154
0 0.48828125 0.6938401442307692 0.62109375 0.49744591346153844 0.6796875 0.386328125 0.6962890625 0.36953125 0.71875 0.3682391826923077 0.708984375 0.3398137019230769 0.771484375 0.24678485576923076 0.7666015625 0.2377403846153846 0.7509765625 0.2377403846153846 0.728515625 0.2700420673076923 0.642578125 0.4302584134615385 0.484375 0.6757512019230769 0.48046875 0.6938401442307692
0 0.55078125 0.42767427884615383 0.560546875 0.419921875 0.58984375 0.3604867788461538 0.603515625 0.34239783653846156 0.60546875 0.3320612980769231 0.626953125 0.3010516826923077 0.630859375 0.2829627403846154 0.66015625 0.22094350961538461 0.6591796875 0.21448317307692308 0.6435546875 0.21448317307692308 0.625 0.2364483173076923 0.623046875 0.24936899038461538 0.6015625 0.285546875 0.587890625 0.32689302884615384 0.572265625 0.352734375 0.556640625 0.39408052884615385 0.55078125 0.3992487980769231
0 0.396484375 0.7119290865384615 0.533203125 0.47677283653846153 0.552734375 0.4380108173076923 0.5498046875 0.43155048076923075 0.490234375 0.49227764423076925 0.486328125 0.5181189903846154 0.453125 0.567217548076923 0.435546875 0.6033954326923077 0.427734375 0.6369891826923076 0.40234375 0.6679987980769231 0.388671875 0.7015925480769231 0.388671875 0.7093449519230769
0 0.302734375 0.7455228365384615 0.3359375 0.6964242788461539 0.380859375 0.5827223557692308 0.404296875 0.5594651442307692 0.40625 0.5310396634615384 0.548828125 0.22869591346153847 0.5537109375 0.19381009615384615 0.52734375 0.21319110576923078 0.45703125 0.35531850961538464 0.41015625 0.487109375 0.376953125 0.5258713942307692 0.36328125 0.5827223557692308 0.298828125 0.7145132211538462 0.294921875 0.7429387019230769
0 0.271484375 0.7170973557692307 0.275390625 0.7145132211538462 0.2529296875 0.6899639423076923 0.2294921875 0.6977163461538461 0.2236328125 0.6951322115384615 0.2158203125 0.7003004807692308 0.2001953125 0.6951322115384615 0.19140625 0.7093449519230769 0.1962890625 0.7158052884615385 0.2138671875 0.7183894230769231
0 0.1484375 0.8049579326923076 0.1962890625 0.671875 0.2802734375 0.6847956730769231 0.3056640625 0.6822115384615385 0.314453125 0.6679987980769231 0.2978515625 0.6460336538461539 0.2294921875 0.6356971153846154 0.205078125 0.6524939903846154 0.2236328125 0.6021033653846154 0.2685546875 0.6176081730769231 0.29296875 0.6008112980769231 0.2802734375 0.5891826923076923 0.2568359375 0.5917668269230769 0.2294921875 0.5814302884615384 0.228515625 0.5698016826923077 0.2412109375 0.5452524038461538 0.2626953125 0.5375 0.3115234375 0.5530048076923076 0.330078125 0.5465444711538462 0.29296875 0.5284555288461539 0.3017578125 0.5013221153846154 0.2578125 0.49744591346153844 0.2685546875 0.44188701923076923 0.234375 0.46385216346153846 0.203125 0.5956430288461538 0.185546875 0.621484375 0.177734375 0.6757512019230769 0.142578125 0.7584435096153846 0.140625 0.8049579326923076
0 0.123046875 0.6473257211538461 0.125 0.6447415865384616 0.1201171875 0.63828125 0.1015625 0.6369891826923076 0.1123046875 0.6486177884615385
0 0.044921875 0.789453125 0.07421875 0.6602463942307693 0.0810546875 0.6486177884615385 0.091796875 0.6499098557692308 0.083984375 0.6344050480769231 0.09765625 0.6292367788461538 0.091796875 0.6189002403846153 0.0986328125 0.6098557692307692 0.1064453125 0.6098557692307692 0.1337890625 0.5891826923076923 0.1435546875 0.5891826923076923 0.146484375 0.5853064903846154 0.1435546875 0.5814302884615384 0.1337890625 0.5814302884615384 0.1103515625 0.5943509615384616 0.1064453125 0.6021033653846154 0.0771484375 0.6227764423076924 0.06640625 0.6421574519230769 0.048828125 0.7015925480769231 0.04296875 0.7403545673076923 0.029296875 0.7687800480769231 0.029296875 0.7868689903846153 0.0322265625 0.7907451923076924