1 0.89453125 0.5749587226159794 0.9208984375 0.5710474387886598 0.9306640625 0.5423646907216495 0.98828125 0.5228082715850515 0.98828125 0.48369543331185566 0.96484375 0.43415250483247425 0.9111328125 0.3833058150773196 0.8935546875 0.3833058150773196 0.890625 0.40025471166237114 0.8740234375 0.4145960856958763 0.7822265625 0.4119885631443299 0.7626953125 0.39373590528350516 0.6826171875 0.39634342783505155 0.671875 0.4732653431056701 0.6572265625 0.4771766269329897 0.6513671875 0.45370892396907214 0.6484375 0.48630295586340205 0.6171875 0.499340568621134 0.6171875 0.5228082715850515 0.6279296875 0.5397571681701031 0.6650390625 0.5501872583762887 0.6767578125 0.5710474387886598
1 0.576171875 0.6479693540592784 0.578125 0.4602277303479381 0.5625 0.45762020779639173 0.5615234375 0.4172036082474227 0.53125 0.4132923244201031 0.53125 0.35853435083762886 0.517578125 0.3376741704252577 0.5458984375 0.3337628865979381 0.5478515625 0.31290270618556704 0.6064453125 0.31290270618556704 0.6103515625 0.2946500483247423 0.6533203125 0.2894350032216495 0.6572265625 0.27118234536082475 0.7001953125 0.26857482280927836 0.7080078125 0.24771464239690721 0.7783203125 0.24771464239690721 0.7822265625 0.22946198453608246 0.8193359375 0.22685446198453607 0.8310546875 0.19556419136597938 0.7060546875 0.22424693943298968 0.6591796875 0.1903491462628866 0.6533203125 0.23206950708762886 0.5478515625 0.2529296875 0.5458984375 0.27118234536082475 0.5166015625 0.27118234536082475 0.5126953125 0.2920425257731959 0.4990234375 0.27378986791237114 0.4833984375 0.2920425257731959 0.4248046875 0.2894350032216495 0.421875 0.2542334487757732 0.4072265625 0.2503221649484536 0.3994140625 0.27118234536082475 0.2978515625 0.27118234536082475 0.2919921875 0.2868274806701031 0.2509765625 0.27118234536082475 0.2333984375 0.31290270618556704 0.18359375 0.30116885470360827 0.181640625 0.36896444104381443 0.16796875 0.36114187338917525 0.158203125 0.40546975676546393 0.1689453125 0.4771766269329897 0.1748046875 0.4615314916237113 0.2236328125 0.5032518524484536 0.2958984375 0.4980368073453608 0.3095703125 0.47978414948453607 0.3154296875 0.4980368073453608 0.3603515625 0.48760671713917525 0.4345703125 0.518896987757732 0.4990234375 0.5006443298969072 0.5029296875 0.5215045103092784 0.5517578125 0.5215045103092784 0.5625 0.5514910196520618 0.556640625 0.6427543089561856
1 0.037109375 0.07952943782216494 0.1259765625 0.041720360824742266 0.2177734375 0.041720360824742266 0.2216796875 0.033897793170103094 0.2314453125 0.03650531572164949 0.2392578125 0.028682748067010308 0.251953125 0.00651880637886598 0.2373046875 0 0.0009765625 0 0 0.07952943782216494
0 0.638671875 0.5280233166881443 0.966796875 0.43936754993556704 0.9599609375 0.43024122100515466 0.9345703125 0.43284874355670105 0.8935546875 0.45110140141752575 0.6572265625 0.4980368073453608 0.634765625 0.5254157941365979
0 0.46875 0.32202903511597936 0.5458984375 0.31290270618556704 0.6396484375 0.26857482280927836 0.7177734375 0.24249959729381443 0.7470703125 0.24249959729381443 0.7626953125 0.22946198453608246 0.8251953125 0.21120932667525774 0.833984375 0.19686795264175258 0.7060546875 0.22685446198453607 0.6201171875 0.26596730025773196 0.5927734375 0.26335977770618557 0.5517578125 0.27639739046391754 0.4873046875 0.30247261597938147 0.462890625 0.31942151256443296
0 0.267578125 0.32985160277061853 0.2919921875 0.32333279639175255 0.296875 0.31681399001288657 0.296875 0.30899142235824745 0.2841796875 0.30768766108247425 0.2724609375 0.31551022873711343 0.2607421875 0.31551022873711343 0.255859375 0.32202903511597936 0.2587890625 0.32854784149484534
0 0.44921875 0.43936754993556704 0.453125 0.42632993717783507 0.439453125 0.39764718911082475 0.392578125 0.35853435083762886 0.3974609375 0.3415854542525773 0.4248046875 0.3337628865979381 0.43359375 0.31942151256443296 0.4228515625 0.31551022873711343 0.3720703125 0.33115536404639173 0.353515625 0.31159894490979384 0.359375 0.30116885470360827 0.3564453125 0.2894350032216495 0.328125 0.2959538096005155 0.328125 0.31681399001288657 0.337890625 0.33245912532216493 0.3134765625 0.3494080219072165 0.2841796875 0.3494080219072165 0.2705078125 0.36505315721649484 0.1669921875 0.39634342783505155 0.16015625 0.40546975676546393 0.1748046875 0.4119885631443299 0.2392578125 0.39634342783505155 0.3583984375 0.35723058956185566 0.384765625 0.39243214400773196 0.3466796875 0.4224186533505155 0.3466796875 0.43284874355670105 0.3779296875 0.42763369845360827 0.3935546875 0.3885208601804124 0.4033203125 0.4198111307989691 0.4189453125 0.4145960856958763 0.4384765625 0.43806378865979384
0 0.232421875 0.19947547519329897 0.2431640625 0.19556419136597938 0.248046875 0.1890453849871134 0.2451171875 0.17731153350515463 0.2275390625 0.18252657860824742 0.220703125 0.1916529075386598 0.2216796875 0.20077923646907217
0 0.162109375 0.23076574581185566 0.1806640625 0.21903189432989692 0.181640625 0.21251308795103094 0.1669921875 0.21120932667525774 0.1484375 0.21772813305412372 0.1484375 0.22555070070876287 0.1533203125 0.23206950708762886
0 0.521484375 0.5906038579252577 0.529296875 0.5827812902706185 0.5185546875 0.5762624838917526 0.501953125 0.5775662451675257 0.501953125 0.5879963353737113 0.5048828125 0.591907619201031
0 0.583984375 0.6583994442654639 0.587890625 0.6557919217139175 0.5869140625 0.6466655927835051 0.5615234375 0.6440580702319587 0.55859375 0.6479693540592784 0.5595703125 0.6597032055412371
0 0.513671875 0.49412552351804123 0.521484375 0.48891047841494845 0.5234375 0.48108791076030927 0.5205078125 0.4771766269329897 0.494140625 0.48891047841494845 0.4970703125 0.49542928479381443
0 0.44140625 0.5149857039304123 0.4619140625 0.505859375 0.46484375 0.4967330460695876 0.4619140625 0.49282176224226804 0.4501953125 0.49282176224226804 0.4326171875 0.4980368073453608 0.431640625 0.5123781813788659 0.4345703125 0.5162894652061856
0 0.548828125 0.5019480911726805 0.5400390625 0.48760671713917525 0.5302734375 0.48760671713917525 0.52734375 0.49151800096649484 0.5302734375 0.5006443298969072
0 0.515625 0.39764718911082475 0.515625 0.3846095763530928 0.5068359375 0.3754832474226804 0.5029296875 0.3780907699742268 0.501953125 0.39243214400773196 0.5068359375 0.39895095038659795
0 0.498046875 0.3820020538015464 0.5 0.3767870086984536 0.4951171875 0.36505315721649484 0.4873046875 0.36505315721649484 0.484375 0.36896444104381443 0.484375 0.37939453125 0.4873046875 0.3833058150773196
0 0.01953125 0.07952943782216494 0.0732421875 0.0651880637886598 0.0869140625 0.05475797358247423 0.2109375 0.0013037612757731958 0.1865234375 0 0.1396484375 0.018252657860824743 0.1240234375 0.01564513530927835 0.0712890625 0.041720360824742266 0.0654296875 0.03911283827319588 0.0361328125 0.05475797358247423 0 0.0638843025128866 0.0009765625 0.07822567654639176