1 0.08725868725868724 0.10618556701030925 0.1104247104247104 0.0963917525773196 0.13166023166023164 0.06804123711340207 0.1868725868725869 0.03608247422680412 0.3258687258687259 0.05618556701030931 0.34015444015444013 0.039175257731958735 0.36293436293436293 0.027835051546391782 0.4011583011583012 0.024226804123711355 0.5540540540540541 0.06907216494845364 0.6513513513513514 0.1134020618556701 0.6683397683397683 0.1551546391752577 0.6918918918918918 0.16958762886597942 0.7123552123552124 0.2329896907216495 0.7351351351351352 0.2670103092783505 0.7571428571428571 0.31752577319587627 0.8077220077220076 0.37061855670103094 0.8247104247104247 0.3798969072164949 0.8347490347490347 0.39845360824742265 0.8814671814671815 0.43402061855670104 0.9084942084942086 0.43402061855670104 0.9424710424710424 0.4108247422680413 1 0.4108247422680413 1 0.3865979381443299 1 0.3597938144329897 1 0.3201030927835052 0.9679536679536679 0.31443298969072164 0.9366795366795366 0.2649484536082474 0.91003861003861 0.24793814432989691 0.8984555984555984 0.2268041237113402 0.9 0.16649484536082473 0.9196911196911196 0.1324742268041237 0.923938223938224 0.09432989690721648 0.9455598455598456 0.03556701030927838 0.9637065637065637 0.01288659793814433 0.9779922779922781 0.01288659793814433 0.9980694980694981 0.02577319587628866 1 0.061855670103092786 1 0.10773195876288663 1 0.19845360824742267 1 0.2592783505154639 1 0.465979381443299 1 0.6917525773195876 1 0.8417525773195876 1 0.9969072164948454 1 0.8190721649484536 1 0.706701030927835 0.9756756756756756 0.6685567010309278 0.9054054054054054 0.627319587628866 0.888030888030888 0.5278350515463918 0.862934362934363 0.49278350515463915 0.8316602316602317 0.4778350515463918 0.7945945945945946 0.4943298969072165 0.783011583011583 0.5216494845360825 0.7722007722007722 0.6005154639175257 0.7915057915057915 0.6283505154639175 0.8011583011583011 0.668041237113402 0.8162162162162162 0.6932989690721649 0.7505791505791506 0.8371134020618557 0.655984555984556 0.8623711340206186 0.6177606177606177 0.861340206185567 0.5409266409266409 0.8381443298969072 0.5193050193050193 0.8190721649484536 0.5150579150579151 0.8850515463917525 0.5223938223938225 0.9051546391752577 0.5351351351351351 0.9164948453608248 0.6123552123552123 0.9072164948453608 0.738996138996139 0.9262886597938144 0.7173745173745174 0.9680412371134022 0.7138996138996139 0.9824742268041237 0.7189189189189189 1 0.7123552123552124 1 0.6868725868725869 1 0.6498069498069499 1 0.6158301158301158 1 0.005019305019305064 1 0 1 0 1 0 0.9742268041237113 0 0.8474226804123711 0 0.7469072164948454 0 0.5572164948453608 0 0.2422680412371134 0 0.1304123711340206 0 0.10773195876288663 0 0.08402061855670101 0 0.1056701030927835 0.0030888030888031326 0.11804123711340209 0.01891891891891894 0.10618556701030925
0 0.26171875 0.9061140866623711 0.267578125 0.872216293492268 0.267578125 0.5019480911726805 0.263671875 0.44458259503865977 0.2568359375 0.43545626610824745 0.25390625 0.8357109777706185 0.255859375 0.9061140866623711
0 0.240234375 0.7600928237757731 0.244140625 0.6766521021262887 0.240234375 0.619286605992268 0.2373046875 0.6179828447164949 0.234375 0.6218941285438144 0.236328125 0.7209799855025774 0.234375 0.7600928237757731
0 0.134765625 0.8018131846005154 0.142578125 0.7939906169458762 0.14453125 0.7861680492912371 0.14453125 0.6271091736469072 0.1376953125 0.5814775289948454 0.130859375 0.5853888128221649 0.1328125 0.6271091736469072 0.12890625 0.6401467864046392 0.12890625 0.7809530041881443 0.130859375 0.799205662048969
0 0.38671875 0.5358458843427835 0.390625 0.5019480911726805 0.390625 0.26727106153350516 0.3837890625 0.2607522551546392 0.376953125 0.32202903511597936 0.375 0.48891047841494845 0.37890625 0.5097706588273195 0.376953125 0.5306308392396907 0.3818359375 0.5371496456185567
0 0.3828125 0.8278884101159794 0.38671875 0.7418401659149485 0.38671875 0.619286605992268 0.3798828125 0.6127677996134021 0.373046875 0.6271091736469072 0.373046875 0.825280887564433 0.3759765625 0.8291921713917526
0 0.359375 0.8174583199097938 0.361328125 0.6375392638530928 0.3564453125 0.6284129349226805 0.349609375 0.6479693540592784 0.3515625 0.7105498952963918 0.349609375 0.812243274806701 0.3525390625 0.818762081185567
0 0.49609375 0.7522702561211341 0.50390625 0.6688295344716495 0.5048828125 0.39895095038659795 0.494140625 0.4967330460695876 0.494140625 0.6297166961984536 0.490234375 0.6349317413015464 0.490234375 0.7522702561211341
0 0.5703125 0.799205662048969 0.576171875 0.7861680492912371 0.583984375 0.6140715608891752 0.583984375 0.5906038579252577 0.5791015625 0.578870006443299 0.576171875 0.5801737677190721 0.576171875 0.6349317413015464 0.56640625 0.7209799855025774 0.56640625 0.799205662048969
0 0.59765625 0.8461410679768041 0.599609375 0.7627003463273195 0.603515625 0.7340175982603093 0.603515625 0.6375392638530928 0.5986328125 0.6284129349226805 0.59375 0.63232421875 0.58984375 0.705334850193299 0.58984375 0.8461410679768041
0 0.712890625 0.7861680492912371 0.716796875 0.7679153914304123 0.716796875 0.692297237435567 0.720703125 0.6636144893685567 0.720703125 0.63232421875 0.7138671875 0.6205903672680413 0.7109375 0.6218941285438144 0.712890625 0.6583994442654639 0.708984375 0.6714370570231959 0.708984375 0.7835605267396907