1 0 0.4695876288659794 0.06216216216216214 0.5237113402061855 0.10965250965250968 0.5247422680412371 0.12664092664092663 0.5092783505154639 0.14942084942084943 0.5175257731958763 0.22239382239382238 0.5025773195876289 0.2362934362934363 0.4829896907216495 0.2494208494208494 0.4778350515463918 0.2536679536679537 0.4639175257731959 0.2498069498069498 0.44175257731958767 0.23745173745173745 0.42474226804123716 0.22548262548262551 0.422680412371134 0.2193050193050193 0.39845360824742265 0.19961389961389964 0.3747422680412371 0.15752895752895751 0.3804123711340206 0.11467181467181468 0.37371134020618557 0.09498069498069496 0.3881443298969072 0.07335907335907337 0.37731958762886597 0.05444015444015442 0.38144329896907214 0.01891891891891894 0.32216494845360827 0 0.3015463917525773 0 0.28505154639175256 0 0.28505154639175256 0 0 0.4640926640926641 0 0.5961389961389961 0 0.7239382239382239 0 0.8463320463320463 0 0.9015444015444015 0 0.9899613899613898 0 1 0 1 0.019072164948453624 1 0.0793814432989691 1 0.13659793814432988 1 0.2329896907216495 1 0.29381443298969073 1 0.3680412371134021 1 0.3809278350515464 0.9725868725868726 0.38453608247422677 0.9540540540540541 0.41701030927835053 0.9555984555984556 0.4675257731958763 0.9231660231660231 0.49278350515463915 0.9220077220077221 0.5077319587628866 0.9266409266409267 0.5309278350515464 1 0.5402061855670103 1 0.6324742268041237 1 0.6752577319587629 1 0.6927835051546392 1 0.6896907216494846 0.9652509652509652 0.6644329896907217 0.9548262548262548 0.6644329896907217 0.9382239382239382 0.6814432989690721 0.923938223938224 0.6670103092783506 0.9007722007722008 0.6762886597938144 0.8926640926640926 0.729381443298969 0.9247104247104247 0.7458762886597937 0.9119691119691119 0.7788659793814433 0.8996138996138996 0.7876288659793815 0.8930501930501931 0.8340206185567011 0.8583011583011584 0.8350515463917526 0.7722007722007722 0.8592783505154639 0.7235521235521236 0.856701030927835 0.7162162162162162 0.8293814432989691 0.7266409266409266 0.7922680412371134 0.7096525096525097 0.788659793814433 0.6899613899613899 0.802061855670103 0.6594594594594595 0.8402061855670103 0.623938223938224 0.8381443298969072 0.5015444015444016 0.8664948453608247 0.4803088803088803 0.856701030927835 0.46525096525096526 0.8298969072164949 0.4474903474903475 0.8221649484536082 0.45675675675675675 0.7922680412371134 0.4463320463320463 0.7536082474226804 0.4579150579150579 0.7360824742268042 0.4397683397683398 0.7360824742268042 0.38803088803088803 0.759278350515464 0.3023166023166023 0.7809278350515464 0.3042471042471042 0.7876288659793815 0.29266409266409266 0.7835051546391752 0.2505791505791506 0.7943298969072164 0.23088803088803087 0.8350515463917526 0.20965250965250964 0.8479381443298969 0.19150579150579147 0.8489690721649484 0.17876447876447876 0.8623711340206186 0.15714285714285717 0.8603092783505155 0.1413127413127413 0.836082474226804 0.128957528957529 0.8340206185567011 0.08069498069498071 0.8829896907216496 0 0.8551546391752578 0 0.7128865979381444 0 0.5788659793814432 0 0.48195876288659795
0 0.134765625 0.35592682828608246 0.13671875 0.3350666478737113 0.05859375 0.061276779961340205 0.05078125 0.011733851481958763 0.0458984375 0 0.0322265625 0 0.033203125 0.02216394168814433 0.0703125 0.16297015947164947 0.123046875 0.3454967380798969
0 0.3203125 0.7496627335695877 0.318359375 0.6714370570231959 0.287109375 0.4967330460695876 0.24609375 0.13428741140463918 0.2265625 0.009126328930412372 0.2099609375 0 0.28515625 0.5071631362757731 0.2890625 0.5984264255798969
0 0.05859375 0.6036414706829897 0.0537109375 0.591907619201031 0.0439453125 0.5866925740979382 0 0.5879963353737113 0.0009765625 0.6023377094072165
0 0.033203125 0.8513561130798969 0.033203125 0.8383185003221649 0.017578125 0.812243274806701 0.01171875 0.7887755718427835 0.0009765625 0.7770417203608248 0 0.799205662048969 0.0078125 0.812243274806701 0.0078125 0.8200658424613402 0.0302734375 0.8526598743556701
0 0.22265625 0.7783454816365979 0.2265625 0.7757379590850515 0.2255859375 0.771826675257732 0.1787109375 0.771826675257732 0.17578125 0.7757379590850515 0.1806640625 0.7796492429123711
0 0.037109375 0.7861680492912371 0.1376953125 0.7822567654639175 0.15234375 0.7757379590850515 0.1474609375 0.7692191527061856 0.0263671875 0.771826675257732 0.021484375 0.7757379590850515 0.0244140625 0.7848642880154639
0 0.177734375 0.8383185003221649 0.181640625 0.825280887564433 0.169921875 0.7835605267396907 0.107421875 0.5958189030283505 0.0908203125 0.5684399162371134 0.0771484375 0.5580098260309279 0.150390625 0.7731304365335051 0.173828125 0.8383185003221649
0 0.439453125 0.6036414706829897 0.466796875 0.5906038579252577 0.4365234375 0.578870006443299 0.4228515625 0.578870006443299 0.4111328125 0.5866925740979382 0.3369140625 0.5840850515463918 0.306640625 0.5879963353737113 0.306640625 0.5932113804768041 0.3134765625 0.6023377094072165
0 0.201171875 0.6088565157860825 0.2783203125 0.6075527545103093 0.287109375 0.5958189030283505 0.2841796875 0.5866925740979382 0.2587890625 0.5814775289948454 0.2275390625 0.5893000966494846 0.1982421875 0.5866925740979382 0.1787109375 0.5945151417525774 0.1435546875 0.591907619201031 0.1318359375 0.5945151417525774 0.125 0.6010339481314433 0.1259765625 0.6049452319587629 0.1455078125 0.6049452319587629 0.1591796875 0.6101602770618557
0 0.634765625 0.5958189030283505 0.6552734375 0.5945151417525774 0.662109375 0.5853888128221649 0.6474609375 0.5814775289948454 0.6044921875 0.5840850515463918 0.5693359375 0.578870006443299 0.5302734375 0.5814775289948454 0.51953125 0.5879963353737113 0.5224609375 0.5945151417525774 0.5283203125 0.5971226643041238
0 0.796875 0.5958189030283505 0.8505859375 0.5945151417525774 0.853515625 0.5879963353737113 0.8447265625 0.5814775289948454 0.8173828125 0.5840850515463918 0.7412109375 0.5814775289948454 0.72265625 0.5879963353737113 0.7236328125 0.5945151417525774 0.7353515625 0.5971226643041238
0 0.484375 0.8278884101159794 0.5595703125 0 0.544921875 0.01955641913659794 0.50390625 0.42893745972938147 0.478515625 0.7574853012242269
0 0.40234375 0.3767870086984536 0.388671875 0.003911283827319588 0.3701171875 0 0.388671875 0.3507117831829897 0.390625 0.36896444104381443
0 0.466796875 0.35331930573453607 0.5068359375 0.3520155444587629 0.513671875 0.3481042606314433 0.513671875 0.3402816929768041 0.4853515625 0.3363704091494845 0.40234375 0.3402816929768041 0.4052734375 0.3520155444587629
0 0.388671875 0.3507117831829897 0.388671875 0.3402816929768041 0.3818359375 0.3337628865979381 0.2861328125 0.3363704091494845 0.28125 0.3402816929768041 0.2841796875 0.3494080219072165 0.2939453125 0.3520155444587629
0 0.61328125 0.35331930573453607 0.6298828125 0.3520155444587629 0.630859375 0.3402816929768041 0.6279296875 0.3363704091494845 0.6142578125 0.3363704091494845 0.5771484375 0.3389779317010309 0.55078125 0.3454967380798969 0.5517578125 0.3494080219072165 0.5634765625 0.3520155444587629
0 0.736328125 0.3507117831829897 0.7421875 0.3428892155283505 0.7392578125 0.3363704091494845 0.7373046875 0.3389779317010309 0.6552734375 0.3363704091494845 0.650390625 0.3402816929768041 0.6513671875 0.3520155444587629
0 0.6328125 0.4237224146262887 0.7099609375 0 0.6962890625 0 0.689453125 0.01955641913659794 0.623046875 0.3820020538015464 0.623046875 0.40286223421391754
0 0.724609375 0.45762020779639173 0.8564453125 0 0.837890625 0.003911283827319588 0.810546875 0.11864227609536082 0.7421875 0.3428892155283505 0.736328125 0.38982462145618557 0.720703125 0.43676002738402064 0.71875 0.45762020779639173
0 0.8515625 0.35331930573453607 0.857421875 0.3507117831829897 0.8544921875 0.3389779317010309 0.8251953125 0.3389779317010309 0.8154296875 0.3337628865979381 0.7724609375 0.3389779317010309 0.76953125 0.3428892155283505 0.76953125 0.3481042606314433 0.7763671875 0.3520155444587629
0 0.875 0.35853435083762886 1 0.061276779961340205 0.9990234375 0.01564513530927835 0.859375 0.35592682828608246
0 0.798828125 0.7366251208118557 0.865234375 0.6166790834407216 0.88671875 0.5697436775128866 0.8896484375 0.5527947809278351 0.8798828125 0.5501872583762887 0.875 0.5540985422036082 0.87109375 0.5749587226159794 0.85546875 0.5958189030283505 0.83203125 0.6557919217139175 0.798828125 0.718372462951031 0.794921875 0.7314100757087629 0.794921875 0.7366251208118557
0 0.75390625 0.8200658424613402 0.763671875 0.799205662048969 0.7880859375 0.7640041076030928 0.8857421875 0.7666116301546392 0.892578125 0.7600928237757731 0.892578125 0.7548777786726805 0.8701171875 0.7509664948453608 0.8232421875 0.7561815399484536 0.8017578125 0.7509664948453608 0.7802734375 0.7561815399484536 0.775390625 0.7600928237757731 0.7578125 0.799205662048969 0.748046875 0.8096357522551546 0.748046875 0.8174583199097938
0 0.625 0.812243274806701 0.697265625 0.5697436775128866 0.7021484375 0.5371496456185567 0.69140625 0.5410609294458762 0.630859375 0.7653078688788659 0.6171875 0.799205662048969 0.6171875 0.812243274806701