1 0.13236363636363632 0.53224043715847 0.10727272727272727 0.3939890710382513 0.0996363636363636 0.26284153005464483 0.09090909090909091 0.22513661202185795 0.08436363636363638 0.13114754098360656 0.07527272727272728 0.10437158469945355 0.06690909090909088 0 0.12363636363636364 0 0.30036363636363633 0 0.3472727272727273 0 0.6021818181818182 0 0.6654545454545454 0 0.6665454545454546 0.03169398907103824 0.6752727272727272 0.03333333333333334 0.6865454545454546 0.056284153005464466 0.6803636363636364 0.10382513661202186 0.6956363636363637 0.12295081967213115 0.708 0.1551912568306011 0.7421818181818182 0.18142076502732243 0.726909090909091 0.22896174863387977 0.7283636363636364 0.26284153005464483 0.736 0.2726775956284153 0.7774545454545455 0.2688524590163935 0.7825454545454545 0.2857923497267759 0.7774545454545455 0.34098360655737703 0.7712727272727272 0.3524590163934426 0.7523636363636363 0.3524590163934426 0.7385454545454545 0.33114754098360655 0.7196363636363636 0.3256830601092896 0.7094545454545454 0.3502732240437158 0.7018181818181818 0.3540983606557377 0.7018181818181818 0.37103825136612023 0.6865454545454546 0.39945355191256826 0.5552727272727273 0.48688524590163934 0.5261818181818182 0.5437158469945356 0.5352727272727272 0.5759562841530055 0.5301818181818182 0.6005464480874317 0.4974545454545455 0.585792349726776 0.4629090909090909 0.5409836065573771 0.43781818181818183 0.5267759562841531 0.42145454545454547 0.5360655737704918 0.4152727272727273 0.5306010928961749 0.37636363636363634 0.5683060109289617 0.3447272727272727 0.5459016393442623 0.2927272727272727 0.5344262295081967 0.2738181818181818 0.5398907103825137 0.25381818181818183 0.5590163934426229 0.2043636363636364 0.5475409836065573 0.14909090909090908 0.5475409836065573
0 0.4609375 0.09245325307377049 0.4619140625 0.07924564549180328 0.39456907841422934 0.05506041795457022 0.36835474798673534 0.0501393671741348 0.1435546875 0.008805071721311475 0.1171875 0.013207607581967214 0.1298828125 0.032285262978142076 0.2802734375 0.052830430327868855
0 0.486328125 0.5561870303961749 0.4921875 0.5239017674180327 0.4921875 0.4798764088114754 0.498046875 0.4681363131830601 0.50390625 0.4211759306693989 0.5029296875 0.4079683230874317 0.4921875 0.4299810023907104 0.490234375 0.45933124146174864 0.484375 0.48574645662568305 0.48046875 0.5503169825819673
0 0.505859375 0.40650081113387976 0.515625 0.38302061987704916 0.517578125 0.3125800461065574 0.548828125 0.05136291837431694 0.5498046875 0 0.5400390625 0 0.53515625 0.013207607581967214 0.525390625 0.08951822916666667 0.5205078125 0.09685578893442623 0.4921875 0.08951822916666667 0.5029296875 0.10859588456284153 0.5126953125 0.10272583674863388 0.521484375 0.1159334443306011 0.51171875 0.2421394723360656 0.5 0.318450093920765 0.498046875 0.3771505720628415
0 0.669921875 0.151153731215847 0.673828125 0.1423486594945355 0.6689453125 0.13207607581967212 0.6279296875 0.1262060280054645 0.5888671875 0.10566086065573771 0.5693359375 0.10859588456284153 0.5556640625 0.09979081284153006 0.55078125 0.10419334870218579 0.55078125 0.11299842042349727 0.5556640625 0.12033598019125682 0.5673828125 0.12033598019125682 0.6083984375 0.13794612363387979 0.6279296875 0.13794612363387979 0.6650390625 0.1526212431693989
0 0.611328125 0.4182409067622951 0.6396484375 0.3287226775956284 0.6708984375 0.3345927254098361 0.6943359375 0.34633282103825136 0.701171875 0.3419302851775956 0.6923828125 0.3316577015027322 0.6708984375 0.3257876536885246 0.6591796875 0.3140475580601093 0.6533203125 0.31991760587431695 0.64453125 0.318450093920765 0.64453125 0.25094454405737704 0.662109375 0.1863740181010929 0.6630859375 0.1643613387978142 0.642578125 0.21278923326502733 0.63671875 0.25094454405737704 0.630859375 0.26268463968579236 0.626953125 0.3155150700136612 0.6171875 0.35660540471311475 0.615234375 0.38889066769125685 0.609375 0.40356578722677594
0 0.595703125 0.41530588285519127 0.599609375 0.38889066769125685 0.59765625 0.35954042862021857 0.623046875 0.27442473531420764 0.625 0.25387956796448086 0.63671875 0.21278923326502733 0.6337890625 0.19958162568306012 0.625 0.2098542093579235 0.61328125 0.2450744962431694 0.609375 0.27442473531420764 0.5986328125 0.28763234289617484 0.5849609375 0.2817622950819672 0.5537109375 0.2817622950819672 0.548828125 0.28616483094262296 0.5517578125 0.29643741461748635 0.5751953125 0.29643741461748635 0.59765625 0.3037749743852459 0.599609375 0.30964502219945356 0.59375 0.33312521345628415 0.59375 0.35954042862021857 0.58984375 0.3683455003415301 0.59375 0.38008559596994534 0.59375 0.4006307633196721 0.58984375 0.40943583504098363 0.5927734375 0.41677339480874315
0 0.4453125 0.2802947831284153 0.44921875 0.2714897114071038 0.4443359375 0.26415215163934425 0.4169921875 0.252412056010929 0.2685546875 0.22306181693989072 0.10546875 0.21572425717213115 0.1142578125 0.22893186475409835 0.1767578125 0.23773693647540983 0.2158203125 0.2318668886612022
0 0.251953125 0.5268367913251366 0.25390625 0.4798764088114754 0.24609375 0.40356578722677594 0.248046875 0.30670999829234974 0.244140625 0.2802947831284153 0.2373046875 0.27002219945355194 0.2314453125 0.27002219945355194 0.228515625 0.27735975922131145 0.228515625 0.3419302851775956 0.232421875 0.4798764088114754 0.2421875 0.5239017674180327
0 0.583984375 0.45933124146174864 0.58203125 0.45052616974043713 0.583984375 0.43585105020491804 0.5810546875 0.4314485143442623 0.5556640625 0.42264344262295084 0.5498046875 0.42557846653005466 0.5380859375 0.42264344262295084 0.533203125 0.42704597848360654 0.5341796875 0.4373185621584699 0.5771484375 0.44905865778688525 0.578125 0.45933124146174864
0 0.15234375 0.5268367913251366 0.15625 0.520966743510929 0.150390625 0.4916165044398907 0.15234375 0.4710713370901639 0.146484375 0.4475911458333333 0.14453125 0.41237085894808745 0.138671875 0.3947607155054645 0.140625 0.3742155481557377 0.134765625 0.3213851178278688 0.12890625 0.3037749743852459 0.1201171875 0.29937243852459017 0.1171875 0.30670999829234974 0.115234375 0.39182569159836067 0.123046875 0.40943583504098363 0.123046875 0.43878607411202186 0.126953125 0.4417210980191257 0.12109375 0.45052616974043713 0.126953125 0.453461193647541 0.123046875 0.45933124146174864 0.126953125 0.4652012892759563 0.125 0.4740063609972678 0.130859375 0.48868148053278687 0.1328125 0.5092266478825137 0.1376953125 0.5106941598360656 0.1416015625 0.5224342554644809
0 0.111328125 0.20691918545081966 0.11328125 0.20398416154371585 0.11328125 0.15702377903005466 0.1171875 0.1423486594945355 0.115234375 0.1394136355874317 0.1171875 0.13354358777322403 0.115234375 0.09245325307377049 0.119140625 0.08364818135245902 0.123046875 0.042557846653005466 0.1171875 0.022012679303278687 0.1162109375 0 0.0888671875 0 0.0859375 0.004402535860655738 0.0859375 0.019077655396174863 0.08984375 0.030817751024590164 0.08984375 0.06016799009562841 0.099609375 0.08951822916666667 0.1015625 0.1540887551229508 0.10546875 0.15995880293715847 0.103515625 0.16876387465846995 0.107421875 0.18343899419398907 0.103515625 0.18930904200819673 0.103515625 0.20398416154371585 0.1064453125 0.20838669740437157
0 0.234375 0.40650081113387976 0.234375 0.3947607155054645 0.2314453125 0.39035817964480873 0.2197265625 0.39329320355191255 0.2041015625 0.3874231557377049 0.1865234375 0.3874231557377049 0.1474609375 0.37861808401639346 0.1396484375 0.3727480362021858 0.1220703125 0.3756830601092896 0.1171875 0.38302061987704916 0.1201171875 0.3874231557377049 0.1337890625 0.3874231557377049 0.1611328125 0.39622822745901637
0 0.4296875 0.4329160262978142 0.4375 0.42704597848360654 0.4345703125 0.41677339480874315 0.3955078125 0.41383837090163933 0.3388671875 0.39622822745901637 0.2861328125 0.39916325136612024 0.2744140625 0.39329320355191255 0.2509765625 0.39329320355191255 0.248046875 0.40650081113387976 0.2763671875 0.41677339480874315 0.3271484375 0.4109033469945355 0.3310546875 0.41677339480874315 0.3466796875 0.41677339480874315 0.3544921875 0.42264344262295084 0.3642578125 0.419708418715847
0 0.25390625 0.2098542093579235 0.2578125 0.20691918545081966 0.255859375 0.17169889856557377 0.26171875 0.151153731215847 0.255859375 0.13354358777322403 0.255859375 0.06603803790983606 0.2490234375 0.06163550204918033 0.2421875 0.07777813353825136 0.2421875 0.11006339651639344 0.24609375 0.14528368340163936 0.24609375 0.19224406591530055 0.25 0.20691918545081966
0 0.390625 0.05136291837431694 0.392578125 0.004402535860655738 0.3876953125 0 0.384765625 0.007337559767759563 0.38671875 0.010272583674863387 0.384765625 0.03668779883879782 0.38671875 0.05136291837431694
0 0.39453125 0.2421394723360656 0.396484375 0.21865928107923496 0.392578125 0.1863740181010929 0.392578125 0.08951822916666667 0.3857421875 0.08511569330601093 0.380859375 0.10125832479508197 0.380859375 0.23039937670765026 0.3876953125 0.2436069842896175
0 0.494140625 0.2890998548497268 0.5 0.28322980703551914 0.5 0.27735975922131145 0.4951171875 0.27002219945355194 0.466796875 0.2714897114071038 0.466796875 0.2802947831284153 0.4716796875 0.2905673668032787
0 0.580078125 0.4211759306693989 0.583984375 0.4182409067622951 0.583984375 0.40943583504098363 0.5791015625 0.40209827527322406 0.5634765625 0.39622822745901637 0.5322265625 0.39622822745901637 0.5205078125 0.39035817964480873 0.5048828125 0.39329320355191255 0.4931640625 0.3844881318306011 0.4677734375 0.3815531079234973 0.4580078125 0.3727480362021858 0.455078125 0.3771505720628415 0.4619140625 0.39916325136612024 0.4833984375 0.39916325136612024 0.4951171875 0.40209827527322406 0.5009765625 0.4079683230874317 0.5419921875 0.4109033469945355 0.5595703125 0.41383837090163933 0.5732421875 0.42264344262295084
0 0.453125 0.48868148053278687 0.451171875 0.453461193647541 0.455078125 0.4299810023907104 0.455078125 0.3507353568989071 0.4521484375 0.34633282103825136 0.4462890625 0.34633282103825136 0.443359375 0.3507353568989071 0.4453125 0.3683455003415301 0.443359375 0.48574645662568305 0.4462890625 0.4901489924863388
0 0.396484375 0.39182569159836067 0.4033203125 0.3844881318306011 0.4365234375 0.3815531079234973 0.4375 0.3712805242486339 0.3935546875 0.3727480362021858 0.390625 0.3771505720628415 0.390625 0.38889066769125685 0.3935546875 0.39329320355191255
0 0.390625 0.3742155481557377 0.39453125 0.35660540471311475 0.390625 0.3243201417349727 0.392578125 0.28322980703551914 0.3857421875 0.27295722336065575 0.380859375 0.2802947831284153 0.37890625 0.3008399504781421 0.380859375 0.30670999829234974 0.37890625 0.3712805242486339 0.3818359375 0.3756830601092896
0 0.36328125 0.5297718152322405 0.375 0.08658320525956284 0.3701171875 0.0704405737704918 0.365234375 0.07484310963114754 0.361328125 0.30964502219945356 0.353515625 0.3947607155054645 0.353515625 0.5239017674180327
0 0.328125 0.3683455003415301 0.328125 0.35954042862021857 0.33203125 0.3507353568989071 0.3291015625 0.34633282103825136 0.3095703125 0.3492678449453552 0.3037109375 0.34339779713114754 0.2841796875 0.3404627732240437 0.27734375 0.3448653090846995 0.27734375 0.3507353568989071 0.2861328125 0.3610079405737705 0.3095703125 0.3610079405737705
0 0.34765625 0.40943583504098363 0.3515625 0.40356578722677594 0.353515625 0.33606023736338797 0.3505859375 0.3287226775956284 0.3427734375 0.3287226775956284 0.33984375 0.3976957394125683
0 0.265625 0.385955643784153 0.267578125 0.35660540471311475 0.26171875 0.3419302851775956 0.263671875 0.3272551656420765 0.259765625 0.3155150700136612 0.26171875 0.24800952015027322 0.2568359375 0.24067196038251365 0.2529296875 0.24067196038251365 0.24609375 0.2568145918715847 0.23828125 0.2656196635928962 0.236328125 0.27442473531420764 0.24609375 0.30964502219945356 0.248046875 0.33019018954918034 0.25390625 0.3419302851775956 0.255859375 0.3742155481557377 0.25390625 0.3771505720628415 0.2587890625 0.3874231557377049