1 1 0.15523000515463917 0.991797555984556 0.14844246907216493 0.9234817528957528 0.14390750515463918 0.9005255637065637 0.13258743814432988 0.8798813938223938 0.1028596855670103 0.8253466216216215 0.06727307216494846 0.6859851776061776 0.07812986082474227 0.6720548146718147 0.06019072164948453 0.6495164440154441 0.04735162886597938 0.6113802239382239 0.04121094329896907 0.45761445173745174 0.0758597680412371 0.35943826254826255 0.11368318041237113 0.3415958687258687 0.1542613969072165 0.3177547451737452 0.16711523195876288 0.2959927722007722 0.22908796391752576 0.2725201544401544 0.2615586134020618 0.24947973745173743 0.31055677319587627 0.19782482625482625 0.3602333711340206 0.18065127413127413 0.3683739381443299 0.17023398841698842 0.386243587628866 0.12279969111969112 0.4186703659793814 0.09578214285714286 0.416876881443299 0.06229496525096525 0.39145245360824743 0.004786177606177606 0.38763488144329894 0.003650220077220077 0.44272740721649484 0.0027095559845559847 0.4883483556701031 0.003749760617760618 0.6758265206185566 0.023793749034749036 0.6466907216494845 0.09488869498069498 0.6101631237113402 0.11430609266409265 0.5119435876288659 0.14011573745173747 0.47859689690721646 0.17168677992277992 0.46574060309278353 0.20839969111969114 0.48467651030927833 0.21941596911196912 0.5127339742268041 0.22859867567567568 0.5922285309278351 0.20872713513513513 0.6187511701030928 0.1982605444015444 0.6577566597938145 0.1826877027027027 0.6819867164948453 0.2453397606177606 0.8299948041237113 0.33938098069498074 0.8615012989690721 0.37761274903474906 0.8630080412371135 0.45489752123552124 0.8449369278350516 0.47690437065637065 0.827321030927835 0.4797910810810811 0.8935079432989691 0.4720437065637066 0.913101587628866 0.4590732972972973 0.9235835206185568 0.3820713938223938 0.9091913659793814 0.25508206563706565 0.9198382731958763 0.2758361737451738 0.9629786134020618 0.27901259845559845 0.9776259432989691 0.2736340965250965 0.9947989020618556 0.28019549806949806 0.9952344639175258 0.30566918918918917 0.996925469072165 0.34272183011583013 0.9993851134020618 0.3519846370656371 1 0.9931773513513513 1 0.9954433861003861 0.8901002474226805 0.9975135945945945 0.7896979793814433 1 0.6691106855670103 1 0.15523000515463917
0 0.727448444015444 0.8971096855670103 0.7326076100386101 0.9313581288659795 0.7384649305019305 0.9317469484536082 0.7418673822393822 0.8615527371134021 0.7471823320463321 0.46155438144329897 0.7401608301158301 0.47021679896907215 0.7350744555984556 0.5272584793814433 0.727448444015444 0.8971096855670103
0 0.7549055482625482 0.7033210257731959 0.757091891891892 0.7869269948453609 0.7629492123552124 0.7873158195876289 0.7618023359073359 0.7481174226804124 0.7657955366795367 0.649272762886598 0.7629474362934363 0.6451714742268041 0.7599919227799228 0.6462793556701031 0.7549055482625482 0.7033210257731959
0 0.8708513745173746 0.6745036804123711 0.8672150154440155 0.6612215360824742 0.8700267258687259 0.6196777680412371 0.8632737413127413 0.6153172628865979 0.8555003745173746 0.6604438917525773 0.8522244131274131 0.8193236340206185 0.8540157413127413 0.8272670000000001 0.8616643861003861 0.8355991855670104 0.865622972972973 0.8332538092783506 0.8679513397683397 0.8151513195876289 0.8708513745173746 0.6745036804123711
0 0.6279587722007722 0.5071071288659794 0.6294434054054054 0.3402840206185567 0.6238719150579151 0.27862262371134017 0.616904111969112 0.2846804587628866 0.6120707297297298 0.5190931958762887 0.6152774517374517 0.5532120360824742 0.6201316988416988 0.5548383402061856 0.6251470617760618 0.5486508969072166 0.6236242548262548 0.5276846030927835 0.6279587722007722 0.5071071288659794
0 0.6110348146718146 0.7589743195876288 0.613167447876448 0.8451848762886598 0.6199741389961391 0.8469407886597938 0.6229833552123551 0.843228324742268 0.6270648803088803 0.645279793814433 0.6205267181467181 0.6305009432989691 0.613558915057915 0.6365587835051546 0.6110348146718146 0.7589743195876288
0 0.6385647065637066 0.6564757835051547 0.6368115482625483 0.8363218195876289 0.6436182393822394 0.8380777422680413 0.6466811583011584 0.8317606855670103 0.6468231853281854 0.7300522268041237 0.650064528957529 0.6676717731958762 0.6436337683397683 0.6476837474226804 0.6385647065637066 0.6564757835051547
0 0.49539212355212353 0.6782694536082474 0.5014833474903475 0.7621346340206185 0.507340667953668 0.7625234587628866 0.5097573629343629 0.6453170927835051 0.505959888030888 0.6398487010309278 0.508698806949807 0.5070148195876288 0.49997430115830116 0.40863 0.49539212355212353 0.6782694536082474
0 0.4249777837837838 0.5849180515463918 0.42207597683397685 0.5834213453608247 0.4169532084942085 0.5948179587628866 0.41646987258687257 0.618259237113402 0.4207351467181467 0.7906803453608248 0.42632394208494206 0.804092087628866 0.4302288262548262 0.8043513041237114 0.43183995366795364 0.7262137268041237 0.42384999227799225 0.639614355670103 0.4249777837837838 0.5849180515463918
0 0.3964621274131274 0.6404044278350516 0.39447507335907334 0.7367741082474227 0.39778920463320466 0.7656837731958763 0.39802310424710424 0.8491601288659794 0.40583286872586877 0.8496785567010309 0.40873289961389964 0.7090309226804123 0.40633173745173745 0.6358432989690722 0.4015311969111969 0.6316123969072165 0.3964621274131274 0.6404044278350516
0 0.2866958494208494 0.6539830927835052 0.2894001505791506 0.6176484948453608 0.28649833976833977 0.6161517886597938 0.27942313127413126 0.6274187989690722 0.2787786795366795 0.6586738298969073 0.28209281081081083 0.6875834896907217 0.28053538996138994 0.7631164845360825 0.2840643397683398 0.7816078041237113 0.2880229227799228 0.7792624329896907 0.29033220849420854 0.6672652319587629 0.2866958494208494 0.6539830927835052