1 0.75390625 0.6838548629679144 0.7626953125 0.6796248328877005 0.76953125 0.6697547627005348 0.771484375 0.6528346423796791 0.767578125 0.5372138201871658 0.7529296875 0.5160636697860963 0.7333984375 0.5076036096256684 0.728515625 0.5174736798128342 0.73046875 0.5964342413101604 0.7421875 0.6077143215240641 0.744140625 0.6556546624331551 0.7421875 0.6753948028074866 0.7470703125 0.6824448529411765
1 0.6171875 0.7430752840909091 0.6328125 0.7317952038770054 0.640625 0.7007749832887701 0.64453125 0.5766941009358288 0.634765625 0.5372138201871658 0.62890625 0.48927347927807485 0.6142578125 0.4737633689839572 0.6025390625 0.4737633689839572 0.59375 0.48927347927807485 0.595703125 0.5372138201871658 0.58984375 0.5795141209893048 0.58984375 0.616174381684492 0.578125 0.6246344418449198 0.580078125 0.6387345421122995 0.58984375 0.6443745822192514 0.58984375 0.6612947025401069 0.580078125 0.6866748830213903 0.5673828125 0.6965449532085561 0.56640625 0.703595003342246 0.6005859375 0.7388452540106952
1 0.486328125 0.7430752840909091 0.49609375 0.7148750835561497 0.49609375 0.6133543616310161 0.5078125 0.5879741811497327 0.51171875 0.5654140207219251 0.50390625 0.5202936998663101 0.48828125 0.5033735795454546 0.490234375 0.43851311831550804 0.4853515625 0.4314630681818182 0.4638671875 0.42864304812834225 0.453125 0.43851311831550804 0.451171875 0.4920934993315508 0.439453125 0.5428538602941176 0.4375 0.571054060828877 0.447265625 0.5964342413101604 0.4453125 0.6246344418449198 0.431640625 0.6359145220588235 0.42578125 0.6697547627005348 0.44140625 0.6979549632352942 0.435546875 0.7176951036096256 0.4384765625 0.7247451537433155 0.4619140625 0.7332052139037433 0.4736328125 0.7444852941176471
1 0.34765625 0.7571753843582888 0.3564453125 0.7529453542780749 0.384765625 0.7148750835561497 0.38671875 0.6951349431818182 0.400390625 0.6556546624331551 0.400390625 0.6048943014705882 0.408203125 0.5851541610962567 0.40625 0.5625940006684492 0.3984375 0.5484939004010695 0.3984375 0.5202936998663101 0.38671875 0.4864534592245989 0.384765625 0.43851311831550804 0.3759765625 0.4314630681818182 0.3603515625 0.4314630681818182 0.357421875 0.44133313836898397 0.34765625 0.5005535594919787 0.34765625 0.5569539605614974 0.34375 0.5625940006684492 0.349609375 0.6359145220588235 0.341796875 0.6697547627005348 0.330078125 0.6923149231283422 0.337890625 0.751535344251337
1 0.1328125 0.7261551637700535 0.1328125 0.703595003342246 0.142578125 0.6838548629679144 0.13671875 0.616174381684492 0.146484375 0.5907942012032086 0.1484375 0.5682340407754011 0.140625 0.528753760026738 0.14453125 0.48927347927807485 0.142578125 0.44133313836898397 0.1337890625 0.42864304812834225 0.1220703125 0.42864304812834225 0.1171875 0.43569309826203206 0.10546875 0.5231137199197861 0.09375 0.5654140207219251 0.1015625 0.5992542613636364 0.09375 0.6443745822192514 0.087890625 0.6556546624331551 0.087890625 0.6753948028074866 0.095703125 0.7092350434491979 0.1044921875 0.7219251336898396
1 0.00390625 0.6894949030748663 0.01171875 0.6810348429144385 0.013671875 0.6500146223262032 0.0234375 0.6274544618983957 0.017578125 0.6048943014705882 0.01953125 0.5428538602941176 0.0234375 0.5315737800802139 0.0234375 0.4695333389037433 0.0126953125 0.45966326871657753 0 0.4610732787433155 0 0.6894949030748663
0 0.74609375 0.5964342413101604 0.748046875 0.5343938001336899 0.7392578125 0.5329837901069518 0.740234375 0.5851541610962567 0.73828125 0.5879741811497327 0.7431640625 0.5978442513368984
0 0.615234375 0.7176951036096256 0.619140625 0.6669347426470589 0.615234375 0.6500146223262032 0.61328125 0.5513139204545454 0.6162109375 0.5470838903743316 0.6318359375 0.5442638703208557 0.6328125 0.5400338402406417 0.6298828125 0.5358038101604278 0.6123046875 0.5301637700534759 0.6083984375 0.5217037098930482 0.6025390625 0.5217037098930482 0.6015625 0.61053434157754 0.599609375 0.6133543616310161 0.6015625 0.6556546624331551 0.595703125 0.6782148228609626 0.603515625 0.7148750835561497
0 0.474609375 0.7261551637700535 0.478515625 0.7120550635026738 0.478515625 0.525933739973262 0.474609375 0.5033735795454546 0.474609375 0.44979319852941174 0.478515625 0.43851311831550804 0.4677734375 0.4314630681818182 0.462890625 0.5231137199197861 0.46484375 0.7176951036096256 0.4677734375 0.7275651737967914
0 0.361328125 0.7205151236631016 0.369140625 0.6979549632352942 0.369140625 0.6725747827540107 0.37890625 0.6471946022727273 0.37890625 0.5118336397058824 0.375 0.5005535594919787 0.376953125 0.4779933990641711 0.3740234375 0.4737633689839572 0.365234375 0.4808134191176471 0.361328125 0.49491351938502676 0.36328125 0.6274544618983957 0.361328125 0.6669347426470589 0.357421875 0.6810348429144385 0.359375 0.6979549632352942 0.35546875 0.7148750835561497 0.3583984375 0.7219251336898396
0 0.111328125 0.7120550635026738 0.115234375 0.7064150233957219 0.11328125 0.6753948028074866 0.123046875 0.6133543616310161 0.123046875 0.6048943014705882 0.1142578125 0.5950242312834224 0.107421875 0.5964342413101604 0.109375 0.6218144217914439 0.103515625 0.6500146223262032 0.1015625 0.6810348429144385 0.1015625 0.7064150233957219 0.1064453125 0.7134650735294118
0 0.00390625 0.658474682486631 0.001953125 0.6528346423796791 0.005859375 0.6387345421122995 0.00390625 0.6359145220588235 0.0078125 0.6274544618983957 0.0078125 0.6020742814171123 0.015625 0.5654140207219251 0.017578125 0.5428538602941176 0.015625 0.5231137199197861 0.021484375 0.5061935995989305 0.0234375 0.48927347927807485 0.0234375 0.47235335895721925 0.0205078125 0.46530330882352944 0.0146484375 0.46530330882352944 0.009765625 0.47235335895721925 0.009765625 0.5033735795454546 0.005859375 0.5343938001336899 0 0.5456738803475936 0 0.658474682486631